0 40
0.01 39.994
0.02 39.988
0.03 39.982
0.04 39.976
0.05 39.97
0.06 39.964
0.07 39.958
0.08 39.9521
0.09 39.9461
0.1 39.9401
0.11 39.9341
0.12 39.9281
0.13 39.9222
0.14 39.9162
0.15 39.9102
0.16 39.9042
0.17 39.8983
0.18 39.8923
0.19 39.8863
0.2 39.8804
0.21 39.8744
0.22 39.8684
0.23 39.8625
0.24 39.8565
0.25 39.8506
0.26 39.8446
0.27 39.8387
0.28 39.8327
0.29 39.8268
0.3 39.8208
0.31 39.8149
0.32 39.8089
0.33 39.803
0.34 39.797
0.35 39.7911
0.36 39.7852
0.37 39.7792
0.38 39.7733
0.39 39.7674
0.4 39.7614
0.41 39.7555
0.42 39.7496
0.43 39.7437
0.44 39.7377
0.45 39.7318
0.46 39.7259
0.47 39.72
0.48 39.7141
0.49 39.7082
0.5 39.7022
0.51 39.6963
0.52 39.6904
0.53 39.6845
0.54 39.6786
0.55 39.6727
0.56 39.6668
0.57 39.6609
0.58 39.655
0.59 39.6491
0.6 39.6432
0.61 39.6373
0.62 39.6314
0.63 39.6255
0.64 39.6197
0.65 39.6138
0.66 39.6079
0.67 39.602
0.68 39.5961
0.69 39.5903
0.7 39.5844
0.71 39.5785
0.72 39.5726
0.73 39.5668
0.74 39.5609
0.75 39.555
0.76 39.5492
0.77 39.5433
0.78 39.5374
0.79 39.5316
0.8 39.5257
0.81 39.5199
0.82 39.514
0.83 39.5081
0.84 39.5023
0.85 39.4964
0.86 39.4906
0.87 39.4848
0.88 39.4789
0.89 39.4731
0.9 39.4672
0.91 39.4614
0.92 39.4555
0.93 39.4497
0.94 39.4439
0.95 39.438
0.96 39.4322
0.97 39.4264
0.98 39.4206
0.99 39.4147
1 39.4089
1.01 39.4031
1.02 39.3973
1.03 39.3915
1.04 39.3856
1.05 39.3798
1.06 39.374
1.07 39.3682
1.08 39.3624
1.09 39.3566
1.1 39.3508
1.11 39.345
1.12 39.3392
1.13 39.3334
1.14 39.3276
1.15 39.3218
1.16 39.316
1.17 39.3102
1.18 39.3044
1.19 39.2986
1.2 39.2928
1.21 39.287
1.22 39.2812
1.23 39.2755
1.24 39.2697
1.25 39.2639
1.26 39.2581
1.27 39.2523
1.28 39.2466
1.29 39.2408
1.3 39.235
1.31 39.2292
1.32 39.2235
1.33 39.2177
1.34 39.2119
1.35 39.2062
1.36 39.2004
1.37 39.1947
1.38 39.1889
1.39 39.1831
1.4 39.1774
1.41 39.1716
1.42 39.1659
1.43 39.1601
1.44 39.1544
1.45 39.1487
1.46 39.1429
1.47 39.1372
1.48 39.1314
1.49 39.1257
1.5 39.1199
1.51 39.1142
1.52 39.1085
1.53 39.1027
1.54 39.097
1.55 39.0913
1.56 39.0856
1.57 39.0798
1.58 39.0741
1.59 39.0684
1.6 39.0627
1.61 39.057
1.62 39.0512
1.63 39.0455
1.64 39.0398
1.65 39.0341
1.66 39.0284
1.67 39.0227
1.68 39.017
1.69 39.0113
1.7 39.0056
1.71 38.9999
1.72 38.9942
1.73 38.9885
1.74 38.9828
1.75 38.9771
1.76 38.9714
1.77 38.9657
1.78 38.96
1.79 38.9543
1.8 38.9486
1.81 38.943
1.82 38.9373
1.83 38.9316
1.84 38.9259
1.85 38.9202
1.86 38.9146
1.87 38.9089
1.88 38.9032
1.89 38.8975
1.9 38.8919
1.91 38.8862
1.92 38.8805
1.93 38.8749
1.94 38.8692
1.95 38.8636
1.96 38.8579
1.97 38.8523
1.98 38.8466
1.99 38.8409
2 38.8353
2.01 38.8296
2.02 38.824
2.03 38.8183
2.04 38.8127
2.05 38.8071
2.06 38.8014
2.07 38.7958
2.08 38.7901
2.09 38.7845
2.1 38.7789
2.11 38.7732
2.12 38.7676
2.13 38.762
2.14 38.7563
2.15 38.7507
2.16 38.7451
2.17 38.7395
2.18 38.7339
2.19 38.7282
2.2 38.7226
2.21 38.717
2.22 38.7114
2.23 38.7058
2.24 38.7002
2.25 38.6946
2.26 38.6889
2.27 38.6833
2.28 38.6777
2.29 38.6721
2.3 38.6665
2.31 38.6609
2.32 38.6553
2.33 38.6497
2.34 38.6441
2.35 38.6386
2.36 38.633
2.37 38.6274
2.38 38.6218
2.39 38.6162
2.4 38.6106
2.41 38.605
2.42 38.5995
2.43 38.5939
2.44 38.5883
2.45 38.5827
2.46 38.5771
2.47 38.5716
2.48 38.566
2.49 38.5604
2.5 38.5549
2.51 38.5493
2.52 38.5437
2.53 38.5382
2.54 38.5326
2.55 38.5271
2.56 38.5215
2.57 38.5159
2.58 38.5104
2.59 38.5048
2.6 38.4993
2.61 38.4937
2.62 38.4882
2.63 38.4826
2.64 38.4771
2.65 38.4716
2.66 38.466
2.67 38.4605
2.68 38.4549
2.69 38.4494
2.7 38.4439
2.71 38.4383
2.72 38.4328
2.73 38.4273
2.74 38.4218
2.75 38.4162
2.76 38.4107
2.77 38.4052
2.78 38.3997
2.79 38.3941
2.8 38.3886
2.81 38.3831
2.82 38.3776
2.83 38.3721
2.84 38.3666
2.85 38.3611
2.86 38.3556
2.87 38.35
2.88 38.3445
2.89 38.339
2.9 38.3335
2.91 38.328
2.92 38.3225
2.93 38.317
2.94 38.3116
2.95 38.3061
2.96 38.3006
2.97 38.2951
2.98 38.2896
2.99 38.2841
3 38.2786
3.01 38.2731
3.02 38.2677
3.03 38.2622
3.04 38.2567
3.05 38.2512
3.06 38.2458
3.07 38.2403
3.08 38.2348
3.09 38.2293
3.1 38.2239
3.11 38.2184
3.12 38.2129
3.13 38.2075
3.14 38.202
3.15 38.1966
3.16 38.1911
3.17 38.1856
3.18 38.1802
3.19 38.1747
3.2 38.1693
3.21 38.1638
3.22 38.1584
3.23 38.1529
3.24 38.1475
3.25 38.142
3.26 38.1366
3.27 38.1312
3.28 38.1257
3.29 38.1203
3.3 38.1149
3.31 38.1094
3.32 38.104
3.33 38.0986
3.34 38.0931
3.35 38.0877
3.36 38.0823
3.37 38.0769
3.38 38.0714
3.39 38.066
3.4 38.0606
3.41 38.0552
3.42 38.0498
3.43 38.0443
3.44 38.0389
3.45 38.0335
3.46 38.0281
3.47 38.0227
3.48 38.0173
3.49 38.0119
3.5 38.0065
3.51 38.0011
3.52 37.9957
3.53 37.9903
3.54 37.9849
3.55 37.9795
3.56 37.9741
3.57 37.9687
3.58 37.9633
3.59 37.9579
3.6 37.9526
3.61 37.9472
3.62 37.9418
3.63 37.9364
3.64 37.931
3.65 37.9256
3.66 37.9203
3.67 37.9149
3.68 37.9095
3.69 37.9041
3.7 37.8988
3.71 37.8934
3.72 37.888
3.73 37.8827
3.74 37.8773
3.75 37.8719
3.76 37.8666
3.77 37.8612
3.78 37.8559
3.79 37.8505
3.8 37.8452
3.81 37.8398
3.82 37.8345
3.83 37.8291
3.84 37.8238
3.85 37.8184
3.86 37.8131
3.87 37.8077
3.88 37.8024
3.89 37.797
3.9 37.7917
3.91 37.7864
3.92 37.781
3.93 37.7757
3.94 37.7704
3.95 37.765
3.96 37.7597
3.97 37.7544
3.98 37.7491
3.99 37.7437
4 37.7384
4.01 37.7331
4.02 37.7278
4.03 37.7225
4.04 37.7171
4.05 37.7118
4.06 37.7065
4.07 37.7012
4.08 37.6959
4.09 37.6906
4.1 37.6853
4.11 37.68
4.12 37.6747
4.13 37.6694
4.14 37.6641
4.15 37.6588
4.16 37.6535
4.17 37.6482
4.18 37.6429
4.19 37.6376
4.2 37.6323
4.21 37.627
4.22 37.6217
4.23 37.6164
4.24 37.6112
4.25 37.6059
4.26 37.6006
4.27 37.5953
4.28 37.59
4.29 37.5848
4.3 37.5795
4.31 37.5742
4.32 37.5689
4.33 37.5637
4.34 37.5584
4.35 37.5531
4.36 37.5479
4.37 37.5426
4.38 37.5373
4.39 37.5321
4.4 37.5268
4.41 37.5216
4.42 37.5163
4.43 37.5111
4.44 37.5058
4.45 37.5005
4.46 37.4953
4.47 37.4901
4.48 37.4848
4.49 37.4796
4.5 37.4743
4.51 37.4691
4.52 37.4638
4.53 37.4586
4.54 37.4534
4.55 37.4481
4.56 37.4429
4.57 37.4377
4.58 37.4324
4.59 37.4272
4.6 37.422
4.61 37.4167
4.62 37.4115
4.63 37.4063
4.64 37.4011
4.65 37.3959
4.66 37.3906
4.67 37.3854
4.68 37.3802
4.69 37.375
4.7 37.3698
4.71 37.3646
4.72 37.3594
4.73 37.3542
4.74 37.349
4.75 37.3438
4.76 37.3385
4.77 37.3333
4.78 37.3281
4.79 37.323
4.8 37.3178
4.81 37.3126
4.82 37.3074
4.83 37.3022
4.84 37.297
4.85 37.2918
4.86 37.2866
4.87 37.2814
4.88 37.2762
4.89 37.2711
4.9 37.2659
4.91 37.2607
4.92 37.2555
4.93 37.2503
4.94 37.2452
4.95 37.24
4.96 37.2348
4.97 37.2297
4.98 37.2245
4.99 37.2193
5 37.2142
5.01 37.209
5.02 37.2038
5.03 37.1987
5.04 37.1935
5.05 37.1884
5.06 37.1832
5.07 37.178
5.08 37.1729
5.09 37.1677
5.1 37.1626
5.11 37.1574
5.12 37.1523
5.13 37.1472
5.14 37.142
5.15 37.1369
5.16 37.1317
5.17 37.1266
5.18 37.1215
5.19 37.1163
5.2 37.1112
5.21 37.1061
5.22 37.1009
5.23 37.0958
5.24 37.0907
5.25 37.0855
5.26 37.0804
5.27 37.0753
5.28 37.0702
5.29 37.065
5.3 37.0599
5.31 37.0548
5.32 37.0497
5.33 37.0446
5.34 37.0395
5.35 37.0344
5.36 37.0292
5.37 37.0241
5.38 37.019
5.39 37.0139
5.4 37.0088
5.41 37.0037
5.42 36.9986
5.43 36.9935
5.44 36.9884
5.45 36.9833
5.46 36.9782
5.47 36.9731
5.48 36.9681
5.49 36.963
5.5 36.9579
5.51 36.9528
5.52 36.9477
5.53 36.9426
5.54 36.9375
5.55 36.9325
5.56 36.9274
5.57 36.9223
5.58 36.9172
5.59 36.9121
5.6 36.9071
5.61 36.902
5.62 36.8969
5.63 36.8919
5.64 36.8868
5.65 36.8817
5.66 36.8767
5.67 36.8716
5.68 36.8665
5.69 36.8615
5.7 36.8564
5.71 36.8514
5.72 36.8463
5.73 36.8413
5.74 36.8362
5.75 36.8312
5.76 36.8261
5.77 36.8211
5.78 36.816
5.79 36.811
5.8 36.8059
5.81 36.8009
5.82 36.7959
5.83 36.7908
5.84 36.7858
5.85 36.7807
5.86 36.7757
5.87 36.7707
5.88 36.7657
5.89 36.7606
5.9 36.7556
5.91 36.7506
5.92 36.7455
5.93 36.7405
5.94 36.7355
5.95 36.7305
5.96 36.7255
5.97 36.7204
5.98 36.7154
5.99 36.7104
6 36.7054
6.01 36.7004
6.02 36.6954
6.03 36.6904
6.04 36.6854
6.05 36.6804
6.06 36.6754
6.07 36.6704
6.08 36.6654
6.09 36.6604
6.1 36.6554
6.11 36.6504
6.12 36.6454
6.13 36.6404
6.14 36.6354
6.15 36.6304
6.16 36.6254
6.17 36.6204
6.18 36.6154
6.19 36.6105
6.2 36.6055
6.21 36.6005
6.22 36.5955
6.23 36.5905
6.24 36.5856
6.25 36.5806
6.26 36.5756
6.27 36.5706
6.28 36.5657
6.29 36.5607
6.3 36.5557
6.31 36.5508
6.32 36.5458
6.33 36.5408
6.34 36.5359
6.35 36.5309
6.36 36.526
6.37 36.521
6.38 36.516
6.39 36.5111
6.4 36.5061
6.41 36.5012
6.42 36.4962
6.43 36.4913
6.44 36.4863
6.45 36.4814
6.46 36.4765
6.47 36.4715
6.48 36.4666
6.49 36.4616
6.5 36.4567
6.51 36.4518
6.52 36.4468
6.53 36.4419
6.54 36.437
6.55 36.432
6.56 36.4271
6.57 36.4222
6.58 36.4172
6.59 36.4123
6.6 36.4074
6.61 36.4025
6.62 36.3976
6.63 36.3926
6.64 36.3877
6.65 36.3828
6.66 36.3779
6.67 36.373
6.68 36.3681
6.69 36.3632
6.7 36.3582
6.71 36.3533
6.72 36.3484
6.73 36.3435
6.74 36.3386
6.75 36.3337
6.76 36.3288
6.77 36.3239
6.78 36.319
6.79 36.3141
6.8 36.3092
6.81 36.3044
6.82 36.2995
6.83 36.2946
6.84 36.2897
6.85 36.2848
6.86 36.2799
6.87 36.275
6.88 36.2702
6.89 36.2653
6.9 36.2604
6.91 36.2555
6.92 36.2506
6.93 36.2458
6.94 36.2409
6.95 36.236
6.96 36.2312
6.97 36.2263
6.98 36.2214
6.99 36.2165
7 36.2117
7.01 36.2068
7.02 36.202
7.03 36.1971
7.04 36.1922
7.05 36.1874
7.06 36.1825
7.07 36.1777
7.08 36.1728
7.09 36.168
7.1 36.1631
7.11 36.1583
7.12 36.1534
7.13 36.1486
7.14 36.1437
7.15 36.1389
7.16 36.1341
7.17 36.1292
7.18 36.1244
7.19 36.1195
7.2 36.1147
7.21 36.1099
7.22 36.105
7.23 36.1002
7.24 36.0954
7.25 36.0906
7.26 36.0857
7.27 36.0809
7.28 36.0761
7.29 36.0713
7.3 36.0664
7.31 36.0616
7.32 36.0568
7.33 36.052
7.34 36.0472
7.35 36.0424
7.36 36.0375
7.37 36.0327
7.38 36.0279
7.39 36.0231
7.4 36.0183
7.41 36.0135
7.42 36.0087
7.43 36.0039
7.44 35.9991
7.45 35.9943
7.46 35.9895
7.47 35.9847
7.48 35.9799
7.49 35.9751
7.5 35.9703
7.51 35.9655
7.52 35.9607
7.53 35.956
7.54 35.9512
7.55 35.9464
7.56 35.9416
7.57 35.9368
7.58 35.932
7.59 35.9273
7.6 35.9225
7.61 35.9177
7.62 35.9129
7.63 35.9082
7.64 35.9034
7.65 35.8986
7.66 35.8939
7.67 35.8891
7.68 35.8843
7.69 35.8796
7.7 35.8748
7.71 35.87
7.72 35.8653
7.73 35.8605
7.74 35.8558
7.75 35.851
7.76 35.8462
7.77 35.8415
7.78 35.8367
7.79 35.832
7.8 35.8272
7.81 35.8225
7.82 35.8177
7.83 35.813
7.84 35.8083
7.85 35.8035
7.86 35.7988
7.87 35.794
7.88 35.7893
7.89 35.7846
7.9 35.7798
7.91 35.7751
7.92 35.7704
7.93 35.7656
7.94 35.7609
7.95 35.7562
7.96 35.7514
7.97 35.7467
7.98 35.742
7.99 35.7373
8 35.7326
8.01 35.7278
8.02 35.7231
8.03 35.7184
8.04 35.7137
8.05 35.709
8.06 35.7043
8.07 35.6996
8.08 35.6948
8.09 35.6901
8.1 35.6854
8.11 35.6807
8.12 35.676
8.13 35.6713
8.14 35.6666
8.15 35.6619
8.16 35.6572
8.17 35.6525
8.18 35.6478
8.19 35.6431
8.2 35.6384
8.21 35.6338
8.22 35.6291
8.23 35.6244
8.24 35.6197
8.25 35.615
8.26 35.6103
8.27 35.6056
8.28 35.601
8.29 35.5963
8.3 35.5916
8.31 35.5869
8.32 35.5822
8.33 35.5776
8.34 35.5729
8.35 35.5682
8.36 35.5636
8.37 35.5589
8.38 35.5542
8.39 35.5496
8.4 35.5449
8.41 35.5402
8.42 35.5356
8.43 35.5309
8.44 35.5263
8.45 35.5216
8.46 35.5169
8.47 35.5123
8.48 35.5076
8.49 35.503
8.5 35.4983
8.51 35.4937
8.52 35.489
8.53 35.4844
8.54 35.4797
8.55 35.4751
8.56 35.4705
8.57 35.4658
8.58 35.4612
8.59 35.4565
8.6 35.4519
8.61 35.4473
8.62 35.4426
8.63 35.438
8.64 35.4334
8.65 35.4287
8.66 35.4241
8.67 35.4195
8.68 35.4149
8.69 35.4102
8.7 35.4056
8.71 35.401
8.72 35.3964
8.73 35.3918
8.74 35.3871
8.75 35.3825
8.76 35.3779
8.77 35.3733
8.78 35.3687
8.79 35.3641
8.8 35.3595
8.81 35.3549
8.82 35.3503
8.83 35.3457
8.84 35.3411
8.85 35.3364
8.86 35.3318
8.87 35.3272
8.88 35.3227
8.89 35.3181
8.9 35.3135
8.91 35.3089
8.92 35.3043
8.93 35.2997
8.94 35.2951
8.95 35.2905
8.96 35.2859
8.97 35.2813
8.98 35.2768
8.99 35.2722
9 35.2676
9.01 35.263
9.02 35.2584
9.03 35.2539
9.04 35.2493
9.05 35.2447
9.06 35.2401
9.07 35.2356
9.08 35.231
9.09 35.2264
9.1 35.2219
9.11 35.2173
9.12 35.2127
9.13 35.2082
9.14 35.2036
9.15 35.199
9.16 35.1945
9.17 35.1899
9.18 35.1854
9.19 35.1808
9.2 35.1763
9.21 35.1717
9.22 35.1672
9.23 35.1626
9.24 35.1581
9.25 35.1535
9.26 35.149
9.27 35.1444
9.28 35.1399
9.29 35.1353
9.3 35.1308
9.31 35.1263
9.32 35.1217
9.33 35.1172
9.34 35.1127
9.35 35.1081
9.36 35.1036
9.37 35.0991
9.38 35.0945
9.39 35.09
9.4 35.0855
9.41 35.0809
9.42 35.0764
9.43 35.0719
9.44 35.0674
9.45 35.0629
9.46 35.0583
9.47 35.0538
9.48 35.0493
9.49 35.0448
9.5 35.0403
9.51 35.0358
9.52 35.0313
9.53 35.0268
9.54 35.0222
9.55 35.0177
9.56 35.0132
9.57 35.0087
9.58 35.0042
9.59 34.9997
9.6 34.9952
9.61 34.9907
9.62 34.9862
9.63 34.9817
9.64 34.9772
9.65 34.9728
9.66 34.9683
9.67 34.9638
9.68 34.9593
9.69 34.9548
9.7 34.9503
9.71 34.9458
9.72 34.9413
9.73 34.9369
9.74 34.9324
9.75 34.9279
9.76 34.9234
9.77 34.919
9.78 34.9145
9.79 34.91
9.8 34.9055
9.81 34.9011
9.82 34.8966
9.83 34.8921
9.84 34.8877
9.85 34.8832
9.86 34.8787
9.87 34.8743
9.88 34.8698
9.89 34.8653
9.9 34.8609
9.91 34.8564
9.92 34.852
9.93 34.8475
9.94 34.8431
9.95 34.8386
9.96 34.8342
9.97 34.8297
9.98 34.8253
9.99 34.8208
10 34.8164
10.01 34.8119
10.02 34.8075
10.03 34.803
10.04 34.7986
10.05 34.7942
10.06 34.7897
10.07 34.7853
10.08 34.7808
10.09 34.7764
10.1 34.772
10.11 34.7676
10.12 34.7631
10.13 34.7587
10.14 34.7543
10.15 34.7498
10.16 34.7454
10.17 34.741
10.18 34.7366
10.19 34.7322
10.2 34.7277
10.21 34.7233
10.22 34.7189
10.23 34.7145
10.24 34.7101
10.25 34.7057
10.26 34.7012
10.27 34.6968
10.28 34.6924
10.29 34.688
10.3 34.6836
10.31 34.6792
10.32 34.6748
10.33 34.6704
10.34 34.666
10.35 34.6616
10.36 34.6572
10.37 34.6528
10.38 34.6484
10.39 34.644
10.4 34.6396
10.41 34.6352
10.42 34.6308
10.43 34.6265
10.44 34.6221
10.45 34.6177
10.46 34.6133
10.47 34.6089
10.48 34.6045
10.49 34.6002
10.5 34.5958
10.51 34.5914
10.52 34.587
10.53 34.5826
10.54 34.5783
10.55 34.5739
10.56 34.5695
10.57 34.5652
10.58 34.5608
10.59 34.5564
10.6 34.5521
10.61 34.5477
10.62 34.5433
10.63 34.539
10.64 34.5346
10.65 34.5302
10.66 34.5259
10.67 34.5215
10.68 34.5172
10.69 34.5128
10.7 34.5085
10.71 34.5041
10.72 34.4998
10.73 34.4954
10.74 34.4911
10.75 34.4867
10.76 34.4824
10.77 34.478
10.78 34.4737
10.79 34.4693
10.8 34.465
10.81 34.4607
10.82 34.4563
10.83 34.452
10.84 34.4477
10.85 34.4433
10.86 34.439
10.87 34.4347
10.88 34.4303
10.89 34.426
10.9 34.4217
10.91 34.4173
10.92 34.413
10.93 34.4087
10.94 34.4044
10.95 34.4001
10.96 34.3957
10.97 34.3914
10.98 34.3871
10.99 34.3828
11 34.3785
11.01 34.3742
11.02 34.3699
11.03 34.3655
11.04 34.3612
11.05 34.3569
11.06 34.3526
11.07 34.3483
11.08 34.344
11.09 34.3397
11.1 34.3354
11.11 34.3311
11.12 34.3268
11.13 34.3225
11.14 34.3182
11.15 34.3139
11.16 34.3096
11.17 34.3053
11.18 34.301
11.19 34.2968
11.2 34.2925
11.21 34.2882
11.22 34.2839
11.23 34.2796
11.24 34.2753
11.25 34.271
11.26 34.2668
11.27 34.2625
11.28 34.2582
11.29 34.2539
11.3 34.2496
11.31 34.2454
11.32 34.2411
11.33 34.2368
11.34 34.2326
11.35 34.2283
11.36 34.224
11.37 34.2198
11.38 34.2155
11.39 34.2112
11.4 34.207
11.41 34.2027
11.42 34.1984
11.43 34.1942
11.44 34.1899
11.45 34.1857
11.46 34.1814
11.47 34.1772
11.48 34.1729
11.49 34.1687
11.5 34.1644
11.51 34.1602
11.52 34.1559
11.53 34.1517
11.54 34.1474
11.55 34.1432
11.56 34.1389
11.57 34.1347
11.58 34.1305
11.59 34.1262
11.6 34.122
11.61 34.1177
11.62 34.1135
11.63 34.1093
11.64 34.105
11.65 34.1008
11.66 34.0966
11.67 34.0924
11.68 34.0881
11.69 34.0839
11.7 34.0797
11.71 34.0755
11.72 34.0712
11.73 34.067
11.74 34.0628
11.75 34.0586
11.76 34.0544
11.77 34.0501
11.78 34.0459
11.79 34.0417
11.8 34.0375
11.81 34.0333
11.82 34.0291
11.83 34.0249
11.84 34.0207
11.85 34.0165
11.86 34.0123
11.87 34.0081
11.88 34.0038
11.89 33.9996
11.9 33.9954
11.91 33.9913
11.92 33.9871
11.93 33.9829
11.94 33.9787
11.95 33.9745
11.96 33.9703
11.97 33.9661
11.98 33.9619
11.99 33.9577
12 33.9535
12.01 33.9493
12.02 33.9452
12.03 33.941
12.04 33.9368
12.05 33.9326
12.06 33.9284
12.07 33.9243
12.08 33.9201
12.09 33.9159
12.1 33.9117
12.11 33.9076
12.12 33.9034
12.13 33.8992
12.14 33.895
12.15 33.8909
12.16 33.8867
12.17 33.8825
12.18 33.8784
12.19 33.8742
12.2 33.8701
12.21 33.8659
12.22 33.8617
12.23 33.8576
12.24 33.8534
12.25 33.8493
12.26 33.8451
12.27 33.841
12.28 33.8368
12.29 33.8327
12.3 33.8285
12.31 33.8244
12.32 33.8202
12.33 33.8161
12.34 33.8119
12.35 33.8078
12.36 33.8036
12.37 33.7995
12.38 33.7954
12.39 33.7912
12.4 33.7871
12.41 33.7829
12.42 33.7788
12.43 33.7747
12.44 33.7706
12.45 33.7664
12.46 33.7623
12.47 33.7582
12.48 33.754
12.49 33.7499
12.5 33.7458
12.51 33.7417
12.52 33.7375
12.53 33.7334
12.54 33.7293
12.55 33.7252
12.56 33.7211
12.57 33.7169
12.58 33.7128
12.59 33.7087
12.6 33.7046
12.61 33.7005
12.62 33.6964
12.63 33.6923
12.64 33.6882
12.65 33.6841
12.66 33.68
12.67 33.6759
12.68 33.6718
12.69 33.6677
12.7 33.6636
12.71 33.6595
12.72 33.6554
12.73 33.6513
12.74 33.6472
12.75 33.6431
12.76 33.639
12.77 33.6349
12.78 33.6308
12.79 33.6267
12.8 33.6226
12.81 33.6185
12.82 33.6145
12.83 33.6104
12.84 33.6063
12.85 33.6022
12.86 33.5981
12.87 33.5941
12.88 33.59
12.89 33.5859
12.9 33.5818
12.91 33.5777
12.92 33.5737
12.93 33.5696
12.94 33.5655
12.95 33.5615
12.96 33.5574
12.97 33.5533
12.98 33.5493
12.99 33.5452
13 33.5411
13.01 33.5371
13.02 33.533
13.03 33.529
13.04 33.5249
13.05 33.5208
13.06 33.5168
13.07 33.5127
13.08 33.5087
13.09 33.5046
13.1 33.5006
13.11 33.4965
13.12 33.4925
13.13 33.4884
13.14 33.4844
13.15 33.4803
13.16 33.4763
13.17 33.4723
13.18 33.4682
13.19 33.4642
13.2 33.4601
13.21 33.4561
13.22 33.4521
13.23 33.448
13.24 33.444
13.25 33.44
13.26 33.4359
13.27 33.4319
13.28 33.4279
13.29 33.4238
13.3 33.4198
13.31 33.4158
13.32 33.4118
13.33 33.4077
13.34 33.4037
13.35 33.3997
13.36 33.3957
13.37 33.3917
13.38 33.3876
13.39 33.3836
13.4 33.3796
13.41 33.3756
13.42 33.3716
13.43 33.3676
13.44 33.3636
13.45 33.3596
13.46 33.3556
13.47 33.3515
13.48 33.3475
13.49 33.3435
13.5 33.3395
13.51 33.3355
13.52 33.3315
13.53 33.3275
13.54 33.3235
13.55 33.3195
13.56 33.3155
13.57 33.3116
13.58 33.3076
13.59 33.3036
13.6 33.2996
13.61 33.2956
13.62 33.2916
13.63 33.2876
13.64 33.2836
13.65 33.2796
13.66 33.2757
13.67 33.2717
13.68 33.2677
13.69 33.2637
13.7 33.2597
13.71 33.2558
13.72 33.2518
13.73 33.2478
13.74 33.2438
13.75 33.2399
13.76 33.2359
13.77 33.2319
13.78 33.228
13.79 33.224
13.8 33.22
13.81 33.2161
13.82 33.2121
13.83 33.2081
13.84 33.2042
13.85 33.2002
13.86 33.1962
13.87 33.1923
13.88 33.1883
13.89 33.1844
13.9 33.1804
13.91 33.1765
13.92 33.1725
13.93 33.1686
13.94 33.1646
13.95 33.1607
13.96 33.1567
13.97 33.1528
13.98 33.1488
13.99 33.1449
14 33.1409
14.01 33.137
14.02 33.1331
14.03 33.1291
14.04 33.1252
14.05 33.1212
14.06 33.1173
14.07 33.1134
14.08 33.1094
14.09 33.1055
14.1 33.1016
14.11 33.0976
14.12 33.0937
14.13 33.0898
14.14 33.0859
14.15 33.0819
14.16 33.078
14.17 33.0741
14.18 33.0702
14.19 33.0662
14.2 33.0623
14.21 33.0584
14.22 33.0545
14.23 33.0506
14.24 33.0467
14.25 33.0427
14.26 33.0388
14.27 33.0349
14.28 33.031
14.29 33.0271
14.3 33.0232
14.31 33.0193
14.32 33.0154
14.33 33.0115
14.34 33.0076
14.35 33.0037
14.36 32.9998
14.37 32.9959
14.38 32.992
14.39 32.9881
14.4 32.9842
14.41 32.9803
14.42 32.9764
14.43 32.9725
14.44 32.9686
14.45 32.9647
14.46 32.9608
14.47 32.9569
14.48 32.9531
14.49 32.9492
14.5 32.9453
14.51 32.9414
14.52 32.9375
14.53 32.9336
14.54 32.9298
14.55 32.9259
14.56 32.922
14.57 32.9181
14.58 32.9143
14.59 32.9104
14.6 32.9065
14.61 32.9026
14.62 32.8988
14.63 32.8949
14.64 32.891
14.65 32.8872
14.66 32.8833
14.67 32.8794
14.68 32.8756
14.69 32.8717
14.7 32.8679
14.71 32.864
14.72 32.8601
14.73 32.8563
14.74 32.8524
14.75 32.8486
14.76 32.8447
14.77 32.8409
14.78 32.837
14.79 32.8332
14.8 32.8293
14.81 32.8255
14.82 32.8216
14.83 32.8178
14.84 32.8139
14.85 32.8101
14.86 32.8062
14.87 32.8024
14.88 32.7986
14.89 32.7947
14.9 32.7909
14.91 32.787
14.92 32.7832
14.93 32.7794
14.94 32.7755
14.95 32.7717
14.96 32.7679
14.97 32.764
14.98 32.7602
14.99 32.7564
15 32.7526
15.01 32.7487
15.02 32.7449
15.03 32.7411
15.04 32.7373
15.05 32.7334
15.06 32.7296
15.07 32.7258
15.08 32.722
15.09 32.7182
15.1 32.7144
15.11 32.7105
15.12 32.7067
15.13 32.7029
15.14 32.6991
15.15 32.6953
15.16 32.6915
15.17 32.6877
15.18 32.6839
15.19 32.6801
15.2 32.6763
15.21 32.6725
15.22 32.6687
15.23 32.6649
15.24 32.6611
15.25 32.6573
15.26 32.6535
15.27 32.6497
15.28 32.6459
15.29 32.6421
15.3 32.6383
15.31 32.6345
15.32 32.6307
15.33 32.6269
15.34 32.6231
15.35 32.6194
15.36 32.6156
15.37 32.6118
15.38 32.608
15.39 32.6042
15.4 32.6004
15.41 32.5967
15.42 32.5929
15.43 32.5891
15.44 32.5853
15.45 32.5816
15.46 32.5778
15.47 32.574
15.48 32.5702
15.49 32.5665
15.5 32.5627
15.51 32.5589
15.52 32.5552
15.53 32.5514
15.54 32.5476
15.55 32.5439
15.56 32.5401
15.57 32.5363
15.58 32.5326
15.59 32.5288
15.6 32.5251
15.61 32.5213
15.62 32.5176
15.63 32.5138
15.64 32.51
15.65 32.5063
15.66 32.5025
15.67 32.4988
15.68 32.495
15.69 32.4913
15.7 32.4876
15.71 32.4838
15.72 32.4801
15.73 32.4763
15.74 32.4726
15.75 32.4688
15.76 32.4651
15.77 32.4614
15.78 32.4576
15.79 32.4539
15.8 32.4501
15.81 32.4464
15.82 32.4427
15.83 32.4389
15.84 32.4352
15.85 32.4315
15.86 32.4278
15.87 32.424
15.88 32.4203
15.89 32.4166
15.9 32.4129
15.91 32.4091
15.92 32.4054
15.93 32.4017
15.94 32.398
15.95 32.3942
15.96 32.3905
15.97 32.3868
15.98 32.3831
15.99 32.3794
16 32.3757
16.01 32.372
16.02 32.3682
16.03 32.3645
16.04 32.3608
16.05 32.3571
16.06 32.3534
16.07 32.3497
16.08 32.346
16.09 32.3423
16.1 32.3386
16.11 32.3349
16.12 32.3312
16.13 32.3275
16.14 32.3238
16.15 32.3201
16.16 32.3164
16.17 32.3127
16.18 32.309
16.19 32.3053
16.2 32.3016
16.21 32.2979
16.22 32.2943
16.23 32.2906
16.24 32.2869
16.25 32.2832
16.26 32.2795
16.27 32.2758
16.28 32.2721
16.29 32.2685
16.3 32.2648
16.31 32.2611
16.32 32.2574
16.33 32.2538
16.34 32.2501
16.35 32.2464
16.36 32.2427
16.37 32.2391
16.38 32.2354
16.39 32.2317
16.4 32.228
16.41 32.2244
16.42 32.2207
16.43 32.217
16.44 32.2134
16.45 32.2097
16.46 32.2061
16.47 32.2024
16.48 32.1987
16.49 32.1951
16.5 32.1914
16.51 32.1878
16.52 32.1841
16.53 32.1805
16.54 32.1768
16.55 32.1731
16.56 32.1695
16.57 32.1658
16.58 32.1622
16.59 32.1585
16.6 32.1549
16.61 32.1513
16.62 32.1476
16.63 32.144
16.64 32.1403
16.65 32.1367
16.66 32.133
16.67 32.1294
16.68 32.1258
16.69 32.1221
16.7 32.1185
16.71 32.1149
16.72 32.1112
16.73 32.1076
16.74 32.104
16.75 32.1003
16.76 32.0967
16.77 32.0931
16.78 32.0894
16.79 32.0858
16.8 32.0822
16.81 32.0786
16.82 32.0749
16.83 32.0713
16.84 32.0677
16.85 32.0641
16.86 32.0605
16.87 32.0568
16.88 32.0532
16.89 32.0496
16.9 32.046
16.91 32.0424
16.92 32.0388
16.93 32.0352
16.94 32.0315
16.95 32.0279
16.96 32.0243
16.97 32.0207
16.98 32.0171
16.99 32.0135
17 32.0099
17.01 32.0063
17.02 32.0027
17.03 31.9991
17.04 31.9955
17.05 31.9919
17.06 31.9883
17.07 31.9847
17.08 31.9811
17.09 31.9775
17.1 31.9739
17.11 31.9703
17.12 31.9668
17.13 31.9632
17.14 31.9596
17.15 31.956
17.16 31.9524
17.17 31.9488
17.18 31.9452
17.19 31.9416
17.2 31.9381
17.21 31.9345
17.22 31.9309
17.23 31.9273
17.24 31.9238
17.25 31.9202
17.26 31.9166
17.27 31.913
17.28 31.9095
17.29 31.9059
17.3 31.9023
17.31 31.8987
17.32 31.8952
17.33 31.8916
17.34 31.888
17.35 31.8845
17.36 31.8809
17.37 31.8773
17.38 31.8738
17.39 31.8702
17.4 31.8667
17.41 31.8631
17.42 31.8595
17.43 31.856
17.44 31.8524
17.45 31.8489
17.46 31.8453
17.47 31.8418
17.48 31.8382
17.49 31.8347
17.5 31.8311
17.51 31.8276
17.52 31.824
17.53 31.8205
17.54 31.8169
17.55 31.8134
17.56 31.8098
17.57 31.8063
17.58 31.8027
17.59 31.7992
17.6 31.7957
17.61 31.7921
17.62 31.7886
17.63 31.7851
17.64 31.7815
17.65 31.778
17.66 31.7745
17.67 31.7709
17.68 31.7674
17.69 31.7639
17.7 31.7603
17.71 31.7568
17.72 31.7533
17.73 31.7498
17.74 31.7462
17.75 31.7427
17.76 31.7392
17.77 31.7357
17.78 31.7321
17.79 31.7286
17.8 31.7251
17.81 31.7216
17.82 31.7181
17.83 31.7146
17.84 31.711
17.85 31.7075
17.86 31.704
17.87 31.7005
17.88 31.697
17.89 31.6935
17.9 31.69
17.91 31.6865
17.92 31.683
17.93 31.6795
17.94 31.676
17.95 31.6725
17.96 31.669
17.97 31.6655
17.98 31.662
17.99 31.6585
18 31.655
18.01 31.6515
18.02 31.648
18.03 31.6445
18.04 31.641
18.05 31.6375
18.06 31.634
18.07 31.6305
18.08 31.627
18.09 31.6235
18.1 31.6201
18.11 31.6166
18.12 31.6131
18.13 31.6096
18.14 31.6061
18.15 31.6026
18.16 31.5992
18.17 31.5957
18.18 31.5922
18.19 31.5887
18.2 31.5852
18.21 31.5818
18.22 31.5783
18.23 31.5748
18.24 31.5714
18.25 31.5679
18.26 31.5644
18.27 31.5609
18.28 31.5575
18.29 31.554
18.3 31.5505
18.31 31.5471
18.32 31.5436
18.33 31.5402
18.34 31.5367
18.35 31.5332
18.36 31.5298
18.37 31.5263
18.38 31.5229
18.39 31.5194
18.4 31.5159
18.41 31.5125
18.42 31.509
18.43 31.5056
18.44 31.5021
18.45 31.4987
18.46 31.4952
18.47 31.4918
18.48 31.4883
18.49 31.4849
18.5 31.4814
18.51 31.478
18.52 31.4746
18.53 31.4711
18.54 31.4677
18.55 31.4642
18.56 31.4608
18.57 31.4574
18.58 31.4539
18.59 31.4505
18.6 31.4471
18.61 31.4436
18.62 31.4402
18.63 31.4368
18.64 31.4333
18.65 31.4299
18.66 31.4265
18.67 31.423
18.68 31.4196
18.69 31.4162
18.7 31.4128
18.71 31.4093
18.72 31.4059
18.73 31.4025
18.74 31.3991
18.75 31.3957
18.76 31.3922
18.77 31.3888
18.78 31.3854
18.79 31.382
18.8 31.3786
18.81 31.3752
18.82 31.3718
18.83 31.3683
18.84 31.3649
18.85 31.3615
18.86 31.3581
18.87 31.3547
18.88 31.3513
18.89 31.3479
18.9 31.3445
18.91 31.3411
18.92 31.3377
18.93 31.3343
18.94 31.3309
18.95 31.3275
18.96 31.3241
18.97 31.3207
18.98 31.3173
18.99 31.3139
19 31.3105
19.01 31.3071
19.02 31.3037
19.03 31.3003
19.04 31.2969
19.05 31.2936
19.06 31.2902
19.07 31.2868
19.08 31.2834
19.09 31.28
19.1 31.2766
19.11 31.2732
19.12 31.2699
19.13 31.2665
19.14 31.2631
19.15 31.2597
19.16 31.2563
19.17 31.253
19.18 31.2496
19.19 31.2462
19.2 31.2428
19.21 31.2395
19.22 31.2361
19.23 31.2327
19.24 31.2294
19.25 31.226
19.26 31.2226
19.27 31.2193
19.28 31.2159
19.29 31.2125
19.3 31.2092
19.31 31.2058
19.32 31.2024
19.33 31.1991
19.34 31.1957
19.35 31.1924
19.36 31.189
19.37 31.1857
19.38 31.1823
19.39 31.1789
19.4 31.1756
19.41 31.1722
19.42 31.1689
19.43 31.1655
19.44 31.1622
19.45 31.1588
19.46 31.1555
19.47 31.1521
19.48 31.1488
19.49 31.1455
19.5 31.1421
19.51 31.1388
19.52 31.1354
19.53 31.1321
19.54 31.1288
19.55 31.1254
19.56 31.1221
19.57 31.1187
19.58 31.1154
19.59 31.1121
19.6 31.1087
19.61 31.1054
19.62 31.1021
19.63 31.0987
19.64 31.0954
19.65 31.0921
19.66 31.0888
19.67 31.0854
19.68 31.0821
19.69 31.0788
19.7 31.0755
19.71 31.0721
19.72 31.0688
19.73 31.0655
19.74 31.0622
19.75 31.0589
19.76 31.0555
19.77 31.0522
19.78 31.0489
19.79 31.0456
19.8 31.0423
19.81 31.039
19.82 31.0357
19.83 31.0324
19.84 31.029
19.85 31.0257
19.86 31.0224
19.87 31.0191
19.88 31.0158
19.89 31.0125
19.9 31.0092
19.91 31.0059
19.92 31.0026
19.93 30.9993
19.94 30.996
19.95 30.9927
19.96 30.9894
19.97 30.9861
19.98 30.9828
19.99 30.9795
20 30.9762
20.01 30.9729
20.02 30.9696
20.03 30.9664
20.04 30.9631
20.05 30.9598
20.06 30.9565
20.07 30.9532
20.08 30.9499
20.09 30.9466
20.1 30.9434
20.11 30.9401
20.12 30.9368
20.13 30.9335
20.14 30.9302
20.15 30.927
20.16 30.9237
20.17 30.9204
20.18 30.9171
20.19 30.9138
20.2 30.9106
20.21 30.9073
20.22 30.904
20.23 30.9008
20.24 30.8975
20.25 30.8942
20.26 30.891
20.27 30.8877
20.28 30.8844
20.29 30.8812
20.3 30.8779
20.31 30.8746
20.32 30.8714
20.33 30.8681
20.34 30.8648
20.35 30.8616
20.36 30.8583
20.37 30.8551
20.38 30.8518
20.39 30.8486
20.4 30.8453
20.41 30.8421
20.42 30.8388
20.43 30.8355
20.44 30.8323
20.45 30.829
20.46 30.8258
20.47 30.8226
20.48 30.8193
20.49 30.8161
20.5 30.8128
20.51 30.8096
20.52 30.8063
20.53 30.8031
20.54 30.7999
20.55 30.7966
20.56 30.7934
20.57 30.7901
20.58 30.7869
20.59 30.7837
20.6 30.7804
20.61 30.7772
20.62 30.774
20.63 30.7707
20.64 30.7675
20.65 30.7643
20.66 30.761
20.67 30.7578
20.68 30.7546
20.69 30.7514
20.7 30.7481
20.71 30.7449
20.72 30.7417
20.73 30.7385
20.74 30.7352
20.75 30.732
20.76 30.7288
20.77 30.7256
20.78 30.7224
20.79 30.7192
20.8 30.7159
20.81 30.7127
20.82 30.7095
20.83 30.7063
20.84 30.7031
20.85 30.6999
20.86 30.6967
20.87 30.6935
20.88 30.6903
20.89 30.687
20.9 30.6838
20.91 30.6806
20.92 30.6774
20.93 30.6742
20.94 30.671
20.95 30.6678
20.96 30.6646
20.97 30.6614
20.98 30.6582
20.99 30.655
21 30.6518
21.01 30.6486
21.02 30.6454
21.03 30.6423
21.04 30.6391
21.05 30.6359
21.06 30.6327
21.07 30.6295
21.08 30.6263
21.09 30.6231
21.1 30.6199
21.11 30.6167
21.12 30.6136
21.13 30.6104
21.14 30.6072
21.15 30.604
21.16 30.6008
21.17 30.5976
21.18 30.5945
21.19 30.5913
21.2 30.5881
21.21 30.5849
21.22 30.5818
21.23 30.5786
21.24 30.5754
21.25 30.5722
21.26 30.5691
21.27 30.5659
21.28 30.5627
21.29 30.5596
21.3 30.5564
21.31 30.5532
21.32 30.5501
21.33 30.5469
21.34 30.5437
21.35 30.5406
21.36 30.5374
21.37 30.5343
21.38 30.5311
21.39 30.5279
21.4 30.5248
21.41 30.5216
21.42 30.5185
21.43 30.5153
21.44 30.5122
21.45 30.509
21.46 30.5059
21.47 30.5027
21.48 30.4995
21.49 30.4964
21.5 30.4933
21.51 30.4901
21.52 30.487
21.53 30.4838
21.54 30.4807
21.55 30.4775
21.56 30.4744
21.57 30.4712
21.58 30.4681
21.59 30.465
21.6 30.4618
21.61 30.4587
21.62 30.4555
21.63 30.4524
21.64 30.4493
21.65 30.4461
21.66 30.443
21.67 30.4399
21.68 30.4367
21.69 30.4336
21.7 30.4305
21.71 30.4274
21.72 30.4242
21.73 30.4211
21.74 30.418
21.75 30.4148
21.76 30.4117
21.77 30.4086
21.78 30.4055
21.79 30.4024
21.8 30.3992
21.81 30.3961
21.82 30.393
21.83 30.3899
21.84 30.3868
21.85 30.3836
21.86 30.3805
21.87 30.3774
21.88 30.3743
21.89 30.3712
21.9 30.3681
21.91 30.365
21.92 30.3619
21.93 30.3588
21.94 30.3557
21.95 30.3525
21.96 30.3494
21.97 30.3463
21.98 30.3432
21.99 30.3401
22 30.337
22.01 30.3339
22.02 30.3308
22.03 30.3277
22.04 30.3246
22.05 30.3215
22.06 30.3184
22.07 30.3153
22.08 30.3122
22.09 30.3092
22.1 30.3061
22.11 30.303
22.12 30.2999
22.13 30.2968
22.14 30.2937
22.15 30.2906
22.16 30.2875
22.17 30.2844
22.18 30.2814
22.19 30.2783
22.2 30.2752
22.21 30.2721
22.22 30.269
22.23 30.2659
22.24 30.2629
22.25 30.2598
22.26 30.2567
22.27 30.2536
22.28 30.2506
22.29 30.2475
22.3 30.2444
22.31 30.2413
22.32 30.2383
22.33 30.2352
22.34 30.2321
22.35 30.2291
22.36 30.226
22.37 30.2229
22.38 30.2199
22.39 30.2168
22.4 30.2137
22.41 30.2107
22.42 30.2076
22.43 30.2045
22.44 30.2015
22.45 30.1984
22.46 30.1954
22.47 30.1923
22.48 30.1892
22.49 30.1862
22.5 30.1831
22.51 30.1801
22.52 30.177
22.53 30.174
22.54 30.1709
22.55 30.1679
22.56 30.1648
22.57 30.1618
22.58 30.1587
22.59 30.1557
22.6 30.1526
22.61 30.1496
22.62 30.1465
22.63 30.1435
22.64 30.1404
22.65 30.1374
22.66 30.1344
22.67 30.1313
22.68 30.1283
22.69 30.1252
22.7 30.1222
22.71 30.1192
22.72 30.1161
22.73 30.1131
22.74 30.1101
22.75 30.107
22.76 30.104
22.77 30.101
22.78 30.0979
22.79 30.0949
22.8 30.0919
22.81 30.0889
22.82 30.0858
22.83 30.0828
22.84 30.0798
22.85 30.0768
22.86 30.0737
22.87 30.0707
22.88 30.0677
22.89 30.0647
22.9 30.0617
22.91 30.0586
22.92 30.0556
22.93 30.0526
22.94 30.0496
22.95 30.0466
22.96 30.0436
22.97 30.0406
22.98 30.0375
22.99 30.0345
23 30.0315
23.01 30.0285
23.02 30.0255
23.03 30.0225
23.04 30.0195
23.05 30.0165
23.06 30.0135
23.07 30.0105
23.08 30.0075
23.09 30.0045
23.1 30.0015
23.11 29.9985
23.12 29.9955
23.13 29.9925
23.14 29.9895
23.15 29.9865
23.16 29.9835
23.17 29.9805
23.18 29.9775
23.19 29.9745
23.2 29.9715
23.21 29.9685
23.22 29.9655
23.23 29.9625
23.24 29.9596
23.25 29.9566
23.26 29.9536
23.27 29.9506
23.28 29.9476
23.29 29.9446
23.3 29.9416
23.31 29.9387
23.32 29.9357
23.33 29.9327
23.34 29.9297
23.35 29.9267
23.36 29.9238
23.37 29.9208
23.38 29.9178
23.39 29.9148
23.4 29.9119
23.41 29.9089
23.42 29.9059
23.43 29.9029
23.44 29.9
23.45 29.897
23.46 29.894
23.47 29.8911
23.48 29.8881
23.49 29.8851
23.5 29.8822
23.51 29.8792
23.52 29.8762
23.53 29.8733
23.54 29.8703
23.55 29.8674
23.56 29.8644
23.57 29.8614
23.58 29.8585
23.59 29.8555
23.6 29.8526
23.61 29.8496
23.62 29.8467
23.63 29.8437
23.64 29.8408
23.65 29.8378
23.66 29.8349
23.67 29.8319
23.68 29.829
23.69 29.826
23.7 29.8231
23.71 29.8201
23.72 29.8172
23.73 29.8142
23.74 29.8113
23.75 29.8083
23.76 29.8054
23.77 29.8024
23.78 29.7995
23.79 29.7966
23.8 29.7936
23.81 29.7907
23.82 29.7878
23.83 29.7848
23.84 29.7819
23.85 29.779
23.86 29.776
23.87 29.7731
23.88 29.7702
23.89 29.7672
23.9 29.7643
23.91 29.7614
23.92 29.7584
23.93 29.7555
23.94 29.7526
23.95 29.7497
23.96 29.7467
23.97 29.7438
23.98 29.7409
23.99 29.738
24 29.735
24.01 29.7321
24.02 29.7292
24.03 29.7263
24.04 29.7234
24.05 29.7205
24.06 29.7175
24.07 29.7146
24.08 29.7117
24.09 29.7088
24.1 29.7059
24.11 29.703
24.12 29.7001
24.13 29.6972
24.14 29.6942
24.15 29.6913
24.16 29.6884
24.17 29.6855
24.18 29.6826
24.19 29.6797
24.2 29.6768
24.21 29.6739
24.22 29.671
24.23 29.6681
24.24 29.6652
24.25 29.6623
24.26 29.6594
24.27 29.6565
24.28 29.6536
24.29 29.6507
24.3 29.6478
24.31 29.6449
24.32 29.642
24.33 29.6391
24.34 29.6363
24.35 29.6334
24.36 29.6305
24.37 29.6276
24.38 29.6247
24.39 29.6218
24.4 29.6189
24.41 29.616
24.42 29.6132
24.43 29.6103
24.44 29.6074
24.45 29.6045
24.46 29.6016
24.47 29.5987
24.48 29.5959
24.49 29.593
24.5 29.5901
24.51 29.5872
24.52 29.5844
24.53 29.5815
24.54 29.5786
24.55 29.5757
24.56 29.5729
24.57 29.57
24.58 29.5671
24.59 29.5643
24.6 29.5614
24.61 29.5585
24.62 29.5556
24.63 29.5528
24.64 29.5499
24.65 29.5471
24.66 29.5442
24.67 29.5413
24.68 29.5385
24.69 29.5356
24.7 29.5327
24.71 29.5299
24.72 29.527
24.73 29.5242
24.74 29.5213
24.75 29.5185
24.76 29.5156
24.77 29.5127
24.78 29.5099
24.79 29.507
24.8 29.5042
24.81 29.5013
24.82 29.4985
24.83 29.4956
24.84 29.4928
24.85 29.4899
24.86 29.4871
24.87 29.4842
24.88 29.4814
24.89 29.4786
24.9 29.4757
24.91 29.4729
24.92 29.47
24.93 29.4672
24.94 29.4644
24.95 29.4615
24.96 29.4587
24.97 29.4558
24.98 29.453
24.99 29.4502
25 29.4473
25.01 29.4445
25.02 29.4417
25.03 29.4388
25.04 29.436
25.05 29.4332
25.06 29.4303
25.07 29.4275
25.08 29.4247
25.09 29.4219
25.1 29.419
25.11 29.4162
25.12 29.4134
25.13 29.4106
25.14 29.4077
25.15 29.4049
25.16 29.4021
25.17 29.3993
25.18 29.3965
25.19 29.3936
25.2 29.3908
25.21 29.388
25.22 29.3852
25.23 29.3824
25.24 29.3796
25.25 29.3767
25.26 29.3739
25.27 29.3711
25.28 29.3683
25.29 29.3655
25.3 29.3627
25.31 29.3599
25.32 29.3571
25.33 29.3543
25.34 29.3515
25.35 29.3487
25.36 29.3458
25.37 29.343
25.38 29.3402
25.39 29.3374
25.4 29.3346
25.41 29.3318
25.42 29.329
25.43 29.3262
25.44 29.3234
25.45 29.3206
25.46 29.3179
25.47 29.3151
25.48 29.3123
25.49 29.3095
25.5 29.3067
25.51 29.3039
25.52 29.3011
25.53 29.2983
25.54 29.2955
25.55 29.2927
25.56 29.2899
25.57 29.2872
25.58 29.2844
25.59 29.2816
25.6 29.2788
25.61 29.276
25.62 29.2732
25.63 29.2705
25.64 29.2677
25.65 29.2649
25.66 29.2621
25.67 29.2593
25.68 29.2566
25.69 29.2538
25.7 29.251
25.71 29.2482
25.72 29.2455
25.73 29.2427
25.74 29.2399
25.75 29.2371
25.76 29.2344
25.77 29.2316
25.78 29.2288
25.79 29.2261
25.8 29.2233
25.81 29.2205
25.82 29.2178
25.83 29.215
25.84 29.2122
25.85 29.2095
25.86 29.2067
25.87 29.2039
25.88 29.2012
25.89 29.1984
25.9 29.1957
25.91 29.1929
25.92 29.1902
25.93 29.1874
25.94 29.1846
25.95 29.1819
25.96 29.1791
25.97 29.1764
25.98 29.1736
25.99 29.1709
26 29.1681
26.01 29.1654
26.02 29.1626
26.03 29.1599
26.04 29.1571
26.05 29.1544
26.06 29.1516
26.07 29.1489
26.08 29.1461
26.09 29.1434
26.1 29.1407
26.11 29.1379
26.12 29.1352
26.13 29.1324
26.14 29.1297
26.15 29.127
26.16 29.1242
26.17 29.1215
26.18 29.1187
26.19 29.116
26.2 29.1133
26.21 29.1105
26.22 29.1078
26.23 29.1051
26.24 29.1023
26.25 29.0996
26.26 29.0969
26.27 29.0942
26.28 29.0914
26.29 29.0887
26.3 29.086
26.31 29.0833
26.32 29.0805
26.33 29.0778
26.34 29.0751
26.35 29.0724
26.36 29.0696
26.37 29.0669
26.38 29.0642
26.39 29.0615
26.4 29.0588
26.41 29.056
26.42 29.0533
26.43 29.0506
26.44 29.0479
26.45 29.0452
26.46 29.0425
26.47 29.0398
26.48 29.037
26.49 29.0343
26.5 29.0316
26.51 29.0289
26.52 29.0262
26.53 29.0235
26.54 29.0208
26.55 29.0181
26.56 29.0154
26.57 29.0127
26.58 29.01
26.59 29.0073
26.6 29.0046
26.61 29.0019
26.62 28.9992
26.63 28.9965
26.64 28.9938
26.65 28.9911
26.66 28.9884
26.67 28.9857
26.68 28.983
26.69 28.9803
26.7 28.9776
26.71 28.9749
26.72 28.9722
26.73 28.9695
26.74 28.9668
26.75 28.9641
26.76 28.9615
26.77 28.9588
26.78 28.9561
26.79 28.9534
26.8 28.9507
26.81 28.948
26.82 28.9453
26.83 28.9427
26.84 28.94
26.85 28.9373
26.86 28.9346
26.87 28.9319
26.88 28.9292
26.89 28.9266
26.9 28.9239
26.91 28.9212
26.92 28.9185
26.93 28.9159
26.94 28.9132
26.95 28.9105
26.96 28.9078
26.97 28.9052
26.98 28.9025
26.99 28.8998
27 28.8972
27.01 28.8945
27.02 28.8918
27.03 28.8892
27.04 28.8865
27.05 28.8838
27.06 28.8812
27.07 28.8785
27.08 28.8758
27.09 28.8732
27.1 28.8705
27.11 28.8678
27.12 28.8652
27.13 28.8625
27.14 28.8599
27.15 28.8572
27.16 28.8546
27.17 28.8519
27.18 28.8492
27.19 28.8466
27.2 28.8439
27.21 28.8413
27.22 28.8386
27.23 28.836
27.24 28.8333
27.25 28.8307
27.26 28.828
27.27 28.8254
27.28 28.8227
27.29 28.8201
27.3 28.8174
27.31 28.8148
27.32 28.8122
27.33 28.8095
27.34 28.8069
27.35 28.8042
27.36 28.8016
27.37 28.7989
27.38 28.7963
27.39 28.7937
27.4 28.791
27.41 28.7884
27.42 28.7858
27.43 28.7831
27.44 28.7805
27.45 28.7779
27.46 28.7752
27.47 28.7726
27.48 28.77
27.49 28.7673
27.5 28.7647
27.51 28.7621
27.52 28.7594
27.53 28.7568
27.54 28.7542
27.55 28.7516
27.56 28.7489
27.57 28.7463
27.58 28.7437
27.59 28.7411
27.6 28.7384
27.61 28.7358
27.62 28.7332
27.63 28.7306
27.64 28.728
27.65 28.7253
27.66 28.7227
27.67 28.7201
27.68 28.7175
27.69 28.7149
27.7 28.7123
27.71 28.7097
27.72 28.707
27.73 28.7044
27.74 28.7018
27.75 28.6992
27.76 28.6966
27.77 28.694
27.78 28.6914
27.79 28.6888
27.8 28.6862
27.81 28.6836
27.82 28.681
27.83 28.6784
27.84 28.6758
27.85 28.6732
27.86 28.6706
27.87 28.6679
27.88 28.6653
27.89 28.6628
27.9 28.6602
27.91 28.6576
27.92 28.655
27.93 28.6524
27.94 28.6498
27.95 28.6472
27.96 28.6446
27.97 28.642
27.98 28.6394
27.99 28.6368
28 28.6342
28.01 28.6316
28.02 28.629
28.03 28.6264
28.04 28.6239
28.05 28.6213
28.06 28.6187
28.07 28.6161
28.08 28.6135
28.09 28.6109
28.1 28.6083
28.11 28.6058
28.12 28.6032
28.13 28.6006
28.14 28.598
28.15 28.5954
28.16 28.5929
28.17 28.5903
28.18 28.5877
28.19 28.5851
28.2 28.5826
28.21 28.58
28.22 28.5774
28.23 28.5748
28.24 28.5723
28.25 28.5697
28.26 28.5671
28.27 28.5646
28.28 28.562
28.29 28.5594
28.3 28.5569
28.31 28.5543
28.32 28.5517
28.33 28.5492
28.34 28.5466
28.35 28.544
28.36 28.5415
28.37 28.5389
28.38 28.5363
28.39 28.5338
28.4 28.5312
28.41 28.5287
28.42 28.5261
28.43 28.5235
28.44 28.521
28.45 28.5184
28.46 28.5159
28.47 28.5133
28.48 28.5108
28.49 28.5082
28.5 28.5057
28.51 28.5031
28.52 28.5006
28.53 28.498
28.54 28.4955
28.55 28.4929
28.56 28.4904
28.57 28.4878
28.58 28.4853
28.59 28.4827
28.6 28.4802
28.61 28.4776
28.62 28.4751
28.63 28.4726
28.64 28.47
28.65 28.4675
28.66 28.4649
28.67 28.4624
28.68 28.4599
28.69 28.4573
28.7 28.4548
28.71 28.4522
28.72 28.4497
28.73 28.4472
28.74 28.4446
28.75 28.4421
28.76 28.4396
28.77 28.437
28.78 28.4345
28.79 28.432
28.8 28.4295
28.81 28.4269
28.82 28.4244
28.83 28.4219
28.84 28.4193
28.85 28.4168
28.86 28.4143
28.87 28.4118
28.88 28.4092
28.89 28.4067
28.9 28.4042
28.91 28.4017
28.92 28.3992
28.93 28.3966
28.94 28.3941
28.95 28.3916
28.96 28.3891
28.97 28.3866
28.98 28.3841
28.99 28.3815
29 28.379
29.01 28.3765
29.02 28.374
29.03 28.3715
29.04 28.369
29.05 28.3665
29.06 28.364
29.07 28.3615
29.08 28.3589
29.09 28.3564
29.1 28.3539
29.11 28.3514
29.12 28.3489
29.13 28.3464
29.14 28.3439
29.15 28.3414
29.16 28.3389
29.17 28.3364
29.18 28.3339
29.19 28.3314
29.2 28.3289
29.21 28.3264
29.22 28.3239
29.23 28.3214
29.24 28.3189
29.25 28.3164
29.26 28.3139
29.27 28.3114
29.28 28.3089
29.29 28.3064
29.3 28.304
29.31 28.3015
29.32 28.299
29.33 28.2965
29.34 28.294
29.35 28.2915
29.36 28.289
29.37 28.2865
29.38 28.2841
29.39 28.2816
29.4 28.2791
29.41 28.2766
29.42 28.2741
29.43 28.2716
29.44 28.2692
29.45 28.2667
29.46 28.2642
29.47 28.2617
29.48 28.2592
29.49 28.2568
29.5 28.2543
29.51 28.2518
29.52 28.2493
29.53 28.2469
29.54 28.2444
29.55 28.2419
29.56 28.2394
29.57 28.237
29.58 28.2345
29.59 28.232
29.6 28.2296
29.61 28.2271
29.62 28.2246
29.63 28.2222
29.64 28.2197
29.65 28.2172
29.66 28.2148
29.67 28.2123
29.68 28.2098
29.69 28.2074
29.7 28.2049
29.71 28.2024
29.72 28.2
29.73 28.1975
29.74 28.1951
29.75 28.1926
29.76 28.1902
29.77 28.1877
29.78 28.1852
29.79 28.1828
29.8 28.1803
29.81 28.1779
29.82 28.1754
29.83 28.173
29.84 28.1705
29.85 28.1681
29.86 28.1656
29.87 28.1632
29.88 28.1607
29.89 28.1583
29.9 28.1558
29.91 28.1534
29.92 28.1509
29.93 28.1485
29.94 28.146
29.95 28.1436
29.96 28.1412
29.97 28.1387
29.98 28.1363
29.99 28.1338
30 28.1314
30.01 28.129
30.02 28.1265
30.03 28.1241
30.04 28.1216
30.05 28.1192
30.06 28.1168
30.07 28.1143
30.08 28.1119
30.09 28.1095
30.1 28.107
30.11 28.1046
30.12 28.1022
30.13 28.0997
30.14 28.0973
30.15 28.0949
30.16 28.0925
30.17 28.09
30.18 28.0876
30.19 28.0852
30.2 28.0828
30.21 28.0803
30.22 28.0779
30.23 28.0755
30.24 28.0731
30.25 28.0706
30.26 28.0682
30.27 28.0658
30.28 28.0634
30.29 28.061
30.3 28.0585
30.31 28.0561
30.32 28.0537
30.33 28.0513
30.34 28.0489
30.35 28.0465
30.36 28.044
30.37 28.0416
30.38 28.0392
30.39 28.0368
30.4 28.0344
30.41 28.032
30.42 28.0296
30.43 28.0272
30.44 28.0248
30.45 28.0224
30.46 28.02
30.47 28.0175
30.48 28.0151
30.49 28.0127
30.5 28.0103
30.51 28.0079
30.52 28.0055
30.53 28.0031
30.54 28.0007
30.55 27.9983
30.56 27.9959
30.57 27.9935
30.58 27.9911
30.59 27.9887
30.6 27.9863
30.61 27.9839
30.62 27.9815
30.63 27.9792
30.64 27.9768
30.65 27.9744
30.66 27.972
30.67 27.9696
30.68 27.9672
30.69 27.9648
30.7 27.9624
30.71 27.96
30.72 27.9576
30.73 27.9553
30.74 27.9529
30.75 27.9505
30.76 27.9481
30.77 27.9457
30.78 27.9433
30.79 27.9409
30.8 27.9386
30.81 27.9362
30.82 27.9338
30.83 27.9314
30.84 27.929
30.85 27.9267
30.86 27.9243
30.87 27.9219
30.88 27.9195
30.89 27.9172
30.9 27.9148
30.91 27.9124
30.92 27.91
30.93 27.9077
30.94 27.9053
30.95 27.9029
30.96 27.9005
30.97 27.8982
30.98 27.8958
30.99 27.8934
31 27.8911
31.01 27.8887
31.02 27.8863
31.03 27.884
31.04 27.8816
31.05 27.8792
31.06 27.8769
31.07 27.8745
31.08 27.8722
31.09 27.8698
31.1 27.8674
31.11 27.8651
31.12 27.8627
31.13 27.8604
31.14 27.858
31.15 27.8556
31.16 27.8533
31.17 27.8509
31.18 27.8486
31.19 27.8462
31.2 27.8439
31.21 27.8415
31.22 27.8392
31.23 27.8368
31.24 27.8345
31.25 27.8321
31.26 27.8298
31.27 27.8274
31.28 27.8251
31.29 27.8227
31.3 27.8204
31.31 27.818
31.32 27.8157
31.33 27.8133
31.34 27.811
31.35 27.8087
31.36 27.8063
31.37 27.804
31.38 27.8016
31.39 27.7993
31.4 27.7969
31.41 27.7946
31.42 27.7923
31.43 27.7899
31.44 27.7876
31.45 27.7853
31.46 27.7829
31.47 27.7806
31.48 27.7783
31.49 27.7759
31.5 27.7736
31.51 27.7713
31.52 27.7689
31.53 27.7666
31.54 27.7643
31.55 27.7619
31.56 27.7596
31.57 27.7573
31.58 27.755
31.59 27.7526
31.6 27.7503
31.61 27.748
31.62 27.7457
31.63 27.7433
31.64 27.741
31.65 27.7387
31.66 27.7364
31.67 27.734
31.68 27.7317
31.69 27.7294
31.7 27.7271
31.71 27.7248
31.72 27.7225
31.73 27.7201
31.74 27.7178
31.75 27.7155
31.76 27.7132
31.77 27.7109
31.78 27.7086
31.79 27.7063
31.8 27.7039
31.81 27.7016
31.82 27.6993
31.83 27.697
31.84 27.6947
31.85 27.6924
31.86 27.6901
31.87 27.6878
31.88 27.6855
31.89 27.6832
31.9 27.6809
31.91 27.6786
31.92 27.6763
31.93 27.674
31.94 27.6717
31.95 27.6694
31.96 27.6671
31.97 27.6648
31.98 27.6625
31.99 27.6602
32 27.6579
32.01 27.6556
32.02 27.6533
32.03 27.651
32.04 27.6487
32.05 27.6464
32.06 27.6441
32.07 27.6418
32.08 27.6395
32.09 27.6372
32.1 27.6349
32.11 27.6326
32.12 27.6303
32.13 27.6281
32.14 27.6258
32.15 27.6235
32.16 27.6212
32.17 27.6189
32.18 27.6166
32.19 27.6143
32.2 27.612
32.21 27.6098
32.22 27.6075
32.23 27.6052
32.24 27.6029
32.25 27.6006
32.26 27.5984
32.27 27.5961
32.28 27.5938
32.29 27.5915
32.3 27.5892
32.31 27.587
32.32 27.5847
32.33 27.5824
32.34 27.5801
32.35 27.5779
32.36 27.5756
32.37 27.5733
32.38 27.5711
32.39 27.5688
32.4 27.5665
32.41 27.5642
32.42 27.562
32.43 27.5597
32.44 27.5574
32.45 27.5552
32.46 27.5529
32.47 27.5506
32.48 27.5484
32.49 27.5461
32.5 27.5438
32.51 27.5416
32.52 27.5393
32.53 27.5371
32.54 27.5348
32.55 27.5325
32.56 27.5303
32.57 27.528
32.58 27.5258
32.59 27.5235
32.6 27.5212
32.61 27.519
32.62 27.5167
32.63 27.5145
32.64 27.5122
32.65 27.51
32.66 27.5077
32.67 27.5055
32.68 27.5032
32.69 27.501
32.7 27.4987
32.71 27.4965
32.72 27.4942
32.73 27.492
32.74 27.4897
32.75 27.4875
32.76 27.4852
32.77 27.483
32.78 27.4807
32.79 27.4785
32.8 27.4763
32.81 27.474
32.82 27.4718
32.83 27.4695
32.84 27.4673
32.85 27.4651
32.86 27.4628
32.87 27.4606
32.88 27.4583
32.89 27.4561
32.9 27.4539
32.91 27.4516
32.92 27.4494
32.93 27.4472
32.94 27.4449
32.95 27.4427
32.96 27.4405
32.97 27.4382
32.98 27.436
32.99 27.4338
33 27.4315
33.01 27.4293
33.02 27.4271
33.03 27.4248
33.04 27.4226
33.05 27.4204
33.06 27.4182
33.07 27.4159
33.08 27.4137
33.09 27.4115
33.1 27.4093
33.11 27.4071
33.12 27.4048
33.13 27.4026
33.14 27.4004
33.15 27.3982
33.16 27.3959
33.17 27.3937
33.18 27.3915
33.19 27.3893
33.2 27.3871
33.21 27.3849
33.22 27.3826
33.23 27.3804
33.24 27.3782
33.25 27.376
33.26 27.3738
33.27 27.3716
33.28 27.3694
33.29 27.3672
33.3 27.365
33.31 27.3627
33.32 27.3605
33.33 27.3583
33.34 27.3561
33.35 27.3539
33.36 27.3517
33.37 27.3495
33.38 27.3473
33.39 27.3451
33.4 27.3429
33.41 27.3407
33.42 27.3385
33.43 27.3363
33.44 27.3341
33.45 27.3319
33.46 27.3297
33.47 27.3275
33.48 27.3253
33.49 27.3231
33.5 27.3209
33.51 27.3187
33.52 27.3165
33.53 27.3143
33.54 27.3121
33.55 27.3099
33.56 27.3077
33.57 27.3055
33.58 27.3033
33.59 27.3012
33.6 27.299
33.61 27.2968
33.62 27.2946
33.63 27.2924
33.64 27.2902
33.65 27.288
33.66 27.2858
33.67 27.2837
33.68 27.2815
33.69 27.2793
33.7 27.2771
33.71 27.2749
33.72 27.2727
33.73 27.2706
33.74 27.2684
33.75 27.2662
33.76 27.264
33.77 27.2618
33.78 27.2597
33.79 27.2575
33.8 27.2553
33.81 27.2531
33.82 27.2509
33.83 27.2488
33.84 27.2466
33.85 27.2444
33.86 27.2423
33.87 27.2401
33.88 27.2379
33.89 27.2357
33.9 27.2336
33.91 27.2314
33.92 27.2292
33.93 27.2271
33.94 27.2249
33.95 27.2227
33.96 27.2206
33.97 27.2184
33.98 27.2162
33.99 27.2141
34 27.2119
34.01 27.2097
34.02 27.2076
34.03 27.2054
34.04 27.2032
34.05 27.2011
34.06 27.1989
34.07 27.1968
34.08 27.1946
34.09 27.1925
34.1 27.1903
34.11 27.1881
34.12 27.186
34.13 27.1838
34.14 27.1817
34.15 27.1795
34.16 27.1774
34.17 27.1752
34.18 27.1731
34.19 27.1709
34.2 27.1688
34.21 27.1666
34.22 27.1645
34.23 27.1623
34.24 27.1602
34.25 27.158
34.26 27.1559
34.27 27.1537
34.28 27.1516
34.29 27.1494
34.3 27.1473
34.31 27.1451
34.32 27.143
34.33 27.1409
34.34 27.1387
34.35 27.1366
34.36 27.1344
34.37 27.1323
34.38 27.1302
34.39 27.128
34.4 27.1259
34.41 27.1237
34.42 27.1216
34.43 27.1195
34.44 27.1173
34.45 27.1152
34.46 27.1131
34.47 27.1109
34.48 27.1088
34.49 27.1067
34.5 27.1045
34.51 27.1024
34.52 27.1003
34.53 27.0981
34.54 27.096
34.55 27.0939
34.56 27.0918
34.57 27.0896
34.58 27.0875
34.59 27.0854
34.6 27.0832
34.61 27.0811
34.62 27.079
34.63 27.0769
34.64 27.0748
34.65 27.0726
34.66 27.0705
34.67 27.0684
34.68 27.0663
34.69 27.0641
34.7 27.062
34.71 27.0599
34.72 27.0578
34.73 27.0557
34.74 27.0536
34.75 27.0514
34.76 27.0493
34.77 27.0472
34.78 27.0451
34.79 27.043
34.8 27.0409
34.81 27.0388
34.82 27.0367
34.83 27.0345
34.84 27.0324
34.85 27.0303
34.86 27.0282
34.87 27.0261
34.88 27.024
34.89 27.0219
34.9 27.0198
34.91 27.0177
34.92 27.0156
34.93 27.0135
34.94 27.0114
34.95 27.0093
34.96 27.0072
34.97 27.0051
34.98 27.003
34.99 27.0009
35 26.9988
35.01 26.9967
35.02 26.9946
35.03 26.9925
35.04 26.9904
35.05 26.9883
35.06 26.9862
35.07 26.9841
35.08 26.982
35.09 26.9799
35.1 26.9778
35.11 26.9757
35.12 26.9736
35.13 26.9715
35.14 26.9694
35.15 26.9673
35.16 26.9652
35.17 26.9632
35.18 26.9611
35.19 26.959
35.2 26.9569
35.21 26.9548
35.22 26.9527
35.23 26.9506
35.24 26.9485
35.25 26.9465
35.26 26.9444
35.27 26.9423
35.28 26.9402
35.29 26.9381
35.3 26.936
35.31 26.934
35.32 26.9319
35.33 26.9298
35.34 26.9277
35.35 26.9257
35.36 26.9236
35.37 26.9215
35.38 26.9194
35.39 26.9173
35.4 26.9153
35.41 26.9132
35.42 26.9111
35.43 26.9091
35.44 26.907
35.45 26.9049
35.46 26.9028
35.47 26.9008
35.48 26.8987
35.49 26.8966
35.5 26.8946
35.51 26.8925
35.52 26.8904
35.53 26.8884
35.54 26.8863
35.55 26.8842
35.56 26.8822
35.57 26.8801
35.58 26.878
35.59 26.876
35.6 26.8739
35.61 26.8718
35.62 26.8698
35.63 26.8677
35.64 26.8657
35.65 26.8636
35.66 26.8615
35.67 26.8595
35.68 26.8574
35.69 26.8554
35.7 26.8533
35.71 26.8513
35.72 26.8492
35.73 26.8471
35.74 26.8451
35.75 26.843
35.76 26.841
35.77 26.8389
35.78 26.8369
35.79 26.8348
35.8 26.8328
35.81 26.8307
35.82 26.8287
35.83 26.8266
35.84 26.8246
35.85 26.8225
35.86 26.8205
35.87 26.8185
35.88 26.8164
35.89 26.8144
35.9 26.8123
35.91 26.8103
35.92 26.8082
35.93 26.8062
35.94 26.8041
35.95 26.8021
35.96 26.8001
35.97 26.798
35.98 26.796
35.99 26.7939
36 26.7919
36.01 26.7899
36.02 26.7878
36.03 26.7858
36.04 26.7838
36.05 26.7817
36.06 26.7797
36.07 26.7777
36.08 26.7756
36.09 26.7736
36.1 26.7716
36.11 26.7695
36.12 26.7675
36.13 26.7655
36.14 26.7634
36.15 26.7614
36.16 26.7594
36.17 26.7574
36.18 26.7553
36.19 26.7533
36.2 26.7513
36.21 26.7493
36.22 26.7472
36.23 26.7452
36.24 26.7432
36.25 26.7412
36.26 26.7391
36.27 26.7371
36.28 26.7351
36.29 26.7331
36.3 26.7311
36.31 26.729
36.32 26.727
36.33 26.725
36.34 26.723
36.35 26.721
36.36 26.719
36.37 26.7169
36.38 26.7149
36.39 26.7129
36.4 26.7109
36.41 26.7089
36.42 26.7069
36.43 26.7049
36.44 26.7028
36.45 26.7008
36.46 26.6988
36.47 26.6968
36.48 26.6948
36.49 26.6928
36.5 26.6908
36.51 26.6888
36.52 26.6868
36.53 26.6848
36.54 26.6828
36.55 26.6808
36.56 26.6788
36.57 26.6768
36.58 26.6748
36.59 26.6728
36.6 26.6707
36.61 26.6687
36.62 26.6667
36.63 26.6647
36.64 26.6627
36.65 26.6608
36.66 26.6588
36.67 26.6568
36.68 26.6548
36.69 26.6528
36.7 26.6508
36.71 26.6488
36.72 26.6468
36.73 26.6448
36.74 26.6428
36.75 26.6408
36.76 26.6388
36.77 26.6368
36.78 26.6348
36.79 26.6328
36.8 26.6308
36.81 26.6289
36.82 26.6269
36.83 26.6249
36.84 26.6229
36.85 26.6209
36.86 26.6189
36.87 26.6169
36.88 26.615
36.89 26.613
36.9 26.611
36.91 26.609
36.92 26.607
36.93 26.605
36.94 26.6031
36.95 26.6011
36.96 26.5991
36.97 26.5971
36.98 26.5951
36.99 26.5932
37 26.5912
37.01 26.5892
37.02 26.5872
37.03 26.5852
37.04 26.5833
37.05 26.5813
37.06 26.5793
37.07 26.5774
37.08 26.5754
37.09 26.5734
37.1 26.5714
37.11 26.5695
37.12 26.5675
37.13 26.5655
37.14 26.5636
37.15 26.5616
37.16 26.5596
37.17 26.5576
37.18 26.5557
37.19 26.5537
37.2 26.5518
37.21 26.5498
37.22 26.5478
37.23 26.5459
37.24 26.5439
37.25 26.5419
37.26 26.54
37.27 26.538
37.28 26.536
37.29 26.5341
37.3 26.5321
37.31 26.5302
37.32 26.5282
37.33 26.5262
37.34 26.5243
37.35 26.5223
37.36 26.5204
37.37 26.5184
37.38 26.5165
37.39 26.5145
37.4 26.5126
37.41 26.5106
37.42 26.5087
37.43 26.5067
37.44 26.5047
37.45 26.5028
37.46 26.5008
37.47 26.4989
37.48 26.4969
37.49 26.495
37.5 26.493
37.51 26.4911
37.52 26.4892
37.53 26.4872
37.54 26.4853
37.55 26.4833
37.56 26.4814
37.57 26.4794
37.58 26.4775
37.59 26.4755
37.6 26.4736
37.61 26.4717
37.62 26.4697
37.63 26.4678
37.64 26.4658
37.65 26.4639
37.66 26.462
37.67 26.46
37.68 26.4581
37.69 26.4561
37.7 26.4542
37.71 26.4523
37.72 26.4503
37.73 26.4484
37.74 26.4465
37.75 26.4445
37.76 26.4426
37.77 26.4407
37.78 26.4387
37.79 26.4368
37.8 26.4349
37.81 26.4329
37.82 26.431
37.83 26.4291
37.84 26.4272
37.85 26.4252
37.86 26.4233
37.87 26.4214
37.88 26.4194
37.89 26.4175
37.9 26.4156
37.91 26.4137
37.92 26.4118
37.93 26.4098
37.94 26.4079
37.95 26.406
37.96 26.4041
37.97 26.4021
37.98 26.4002
37.99 26.3983
38 26.3964
38.01 26.3945
38.02 26.3925
38.03 26.3906
38.04 26.3887
38.05 26.3868
38.06 26.3849
38.07 26.383
38.08 26.381
38.09 26.3791
38.1 26.3772
38.11 26.3753
38.12 26.3734
38.13 26.3715
38.14 26.3696
38.15 26.3677
38.16 26.3658
38.17 26.3638
38.18 26.3619
38.19 26.36
38.2 26.3581
38.21 26.3562
38.22 26.3543
38.23 26.3524
38.24 26.3505
38.25 26.3486
38.26 26.3467
38.27 26.3448
38.28 26.3429
38.29 26.341
38.3 26.3391
38.31 26.3372
38.32 26.3353
38.33 26.3334
38.34 26.3315
38.35 26.3296
38.36 26.3277
38.37 26.3258
38.38 26.3239
38.39 26.322
38.4 26.3201
38.41 26.3182
38.42 26.3163
38.43 26.3144
38.44 26.3125
38.45 26.3106
38.46 26.3087
38.47 26.3068
38.48 26.3049
38.49 26.303
38.5 26.3012
38.51 26.2993
38.52 26.2974
38.53 26.2955
38.54 26.2936
38.55 26.2917
38.56 26.2898
38.57 26.2879
38.58 26.286
38.59 26.2842
38.6 26.2823
38.61 26.2804
38.62 26.2785
38.63 26.2766
38.64 26.2747
38.65 26.2729
38.66 26.271
38.67 26.2691
38.68 26.2672
38.69 26.2653
38.7 26.2635
38.71 26.2616
38.72 26.2597
38.73 26.2578
38.74 26.2559
38.75 26.2541
38.76 26.2522
38.77 26.2503
38.78 26.2484
38.79 26.2466
38.8 26.2447
38.81 26.2428
38.82 26.2409
38.83 26.2391
38.84 26.2372
38.85 26.2353
38.86 26.2335
38.87 26.2316
38.88 26.2297
38.89 26.2279
38.9 26.226
38.91 26.2241
38.92 26.2223
38.93 26.2204
38.94 26.2185
38.95 26.2167
38.96 26.2148
38.97 26.2129
38.98 26.2111
38.99 26.2092
39 26.2073
39.01 26.2055
39.02 26.2036
39.03 26.2018
39.04 26.1999
39.05 26.198
39.06 26.1962
39.07 26.1943
39.08 26.1925
39.09 26.1906
39.1 26.1887
39.11 26.1869
39.12 26.185
39.13 26.1832
39.14 26.1813
39.15 26.1795
39.16 26.1776
39.17 26.1758
39.18 26.1739
39.19 26.1721
39.2 26.1702
39.21 26.1684
39.22 26.1665
39.23 26.1647
39.24 26.1628
39.25 26.161
39.26 26.1591
39.27 26.1573
39.28 26.1554
39.29 26.1536
39.3 26.1517
39.31 26.1499
39.32 26.148
39.33 26.1462
39.34 26.1443
39.35 26.1425
39.36 26.1407
39.37 26.1388
39.38 26.137
39.39 26.1351
39.4 26.1333
39.41 26.1315
39.42 26.1296
39.43 26.1278
39.44 26.1259
39.45 26.1241
39.46 26.1223
39.47 26.1204
39.48 26.1186
39.49 26.1168
39.5 26.1149
39.51 26.1131
39.52 26.1113
39.53 26.1094
39.54 26.1076
39.55 26.1058
39.56 26.1039
39.57 26.1021
39.58 26.1003
39.59 26.0984
39.6 26.0966
39.61 26.0948
39.62 26.0929
39.63 26.0911
39.64 26.0893
39.65 26.0875
39.66 26.0856
39.67 26.0838
39.68 26.082
39.69 26.0802
39.7 26.0783
39.71 26.0765
39.72 26.0747
39.73 26.0729
39.74 26.0711
39.75 26.0692
39.76 26.0674
39.77 26.0656
39.78 26.0638
39.79 26.062
39.8 26.0601
39.81 26.0583
39.82 26.0565
39.83 26.0547
39.84 26.0529
39.85 26.0511
39.86 26.0492
39.87 26.0474
39.88 26.0456
39.89 26.0438
39.9 26.042
39.91 26.0402
39.92 26.0384
39.93 26.0365
39.94 26.0347
39.95 26.0329
39.96 26.0311
39.97 26.0293
39.98 26.0275
39.99 26.0257
40 26.0239
