0 40
0.01 39.994
0.02 39.988
0.03 39.982
0.04 39.976
0.05 39.97
0.06 39.964
0.07 39.958
0.08 39.9521
0.09 39.9461
0.1 39.9401
0.11 39.9341
0.12 39.9281
0.13 39.9221
0.14 39.9162
0.15 39.9102
0.16 39.9042
0.17 39.8982
0.18 39.8923
0.19 39.8863
0.2 39.8803
0.21 39.8744
0.22 39.8684
0.23 39.8625
0.24 39.8565
0.25 39.8505
0.26 39.8446
0.27 39.8386
0.28 39.8327
0.29 39.8267
0.3 39.8208
0.31 39.8148
0.32 39.8089
0.33 39.8029
0.34 39.797
0.35 39.7911
0.36 39.7851
0.37 39.7792
0.38 39.7733
0.39 39.7673
0.4 39.7614
0.41 39.7555
0.42 39.7495
0.43 39.7436
0.44 39.7377
0.45 39.7318
0.46 39.7259
0.47 39.7199
0.48 39.714
0.49 39.7081
0.5 39.7022
0.51 39.6963
0.52 39.6904
0.53 39.6845
0.54 39.6786
0.55 39.6727
0.56 39.6668
0.57 39.6609
0.58 39.655
0.59 39.6491
0.6 39.6432
0.61 39.6373
0.62 39.6314
0.63 39.6255
0.64 39.6196
0.65 39.6137
0.66 39.6078
0.67 39.602
0.68 39.5961
0.69 39.5902
0.7 39.5843
0.71 39.5784
0.72 39.5726
0.73 39.5667
0.74 39.5608
0.75 39.555
0.76 39.5491
0.77 39.5432
0.78 39.5374
0.79 39.5315
0.8 39.5256
0.81 39.5198
0.82 39.5139
0.83 39.5081
0.84 39.5022
0.85 39.4964
0.86 39.4905
0.87 39.4847
0.88 39.4788
0.89 39.473
0.9 39.4671
0.91 39.4613
0.92 39.4555
0.93 39.4496
0.94 39.4438
0.95 39.438
0.96 39.4321
0.97 39.4263
0.98 39.4205
0.99 39.4146
1 39.4088
1.01 39.403
1.02 39.3972
1.03 39.3914
1.04 39.3855
1.05 39.3797
1.06 39.3739
1.07 39.3681
1.08 39.3623
1.09 39.3565
1.1 39.3507
1.11 39.3449
1.12 39.3391
1.13 39.3333
1.14 39.3275
1.15 39.3217
1.16 39.3159
1.17 39.3101
1.18 39.3043
1.19 39.2985
1.2 39.2927
1.21 39.2869
1.22 39.2811
1.23 39.2753
1.24 39.2696
1.25 39.2638
1.26 39.258
1.27 39.2522
1.28 39.2464
1.29 39.2407
1.3 39.2349
1.31 39.2291
1.32 39.2234
1.33 39.2176
1.34 39.2118
1.35 39.2061
1.36 39.2003
1.37 39.1945
1.38 39.1888
1.39 39.183
1.4 39.1773
1.41 39.1715
1.42 39.1658
1.43 39.16
1.44 39.1543
1.45 39.1485
1.46 39.1428
1.47 39.137
1.48 39.1313
1.49 39.1256
1.5 39.1198
1.51 39.1141
1.52 39.1084
1.53 39.1026
1.54 39.0969
1.55 39.0912
1.56 39.0854
1.57 39.0797
1.58 39.074
1.59 39.0683
1.6 39.0625
1.61 39.0568
1.62 39.0511
1.63 39.0454
1.64 39.0397
1.65 39.034
1.66 39.0283
1.67 39.0225
1.68 39.0168
1.69 39.0111
1.7 39.0054
1.71 38.9997
1.72 38.994
1.73 38.9883
1.74 38.9826
1.75 38.9769
1.76 38.9712
1.77 38.9656
1.78 38.9599
1.79 38.9542
1.8 38.9485
1.81 38.9428
1.82 38.9371
1.83 38.9314
1.84 38.9258
1.85 38.9201
1.86 38.9144
1.87 38.9087
1.88 38.9031
1.89 38.8974
1.9 38.8917
1.91 38.8861
1.92 38.8804
1.93 38.8747
1.94 38.8691
1.95 38.8634
1.96 38.8577
1.97 38.8521
1.98 38.8464
1.99 38.8408
2 38.8351
2.01 38.8295
2.02 38.8238
2.03 38.8182
2.04 38.8125
2.05 38.8069
2.06 38.8012
2.07 38.7956
2.08 38.79
2.09 38.7843
2.1 38.7787
2.11 38.7731
2.12 38.7674
2.13 38.7618
2.14 38.7562
2.15 38.7505
2.16 38.7449
2.17 38.7393
2.18 38.7337
2.19 38.7281
2.2 38.7224
2.21 38.7168
2.22 38.7112
2.23 38.7056
2.24 38.7
2.25 38.6944
2.26 38.6888
2.27 38.6832
2.28 38.6775
2.29 38.6719
2.3 38.6663
2.31 38.6607
2.32 38.6551
2.33 38.6495
2.34 38.644
2.35 38.6384
2.36 38.6328
2.37 38.6272
2.38 38.6216
2.39 38.616
2.4 38.6104
2.41 38.6048
2.42 38.5993
2.43 38.5937
2.44 38.5881
2.45 38.5825
2.46 38.5769
2.47 38.5714
2.48 38.5658
2.49 38.5602
2.5 38.5547
2.51 38.5491
2.52 38.5435
2.53 38.538
2.54 38.5324
2.55 38.5268
2.56 38.5213
2.57 38.5157
2.58 38.5102
2.59 38.5046
2.6 38.4991
2.61 38.4935
2.62 38.488
2.63 38.4824
2.64 38.4769
2.65 38.4713
2.66 38.4658
2.67 38.4603
2.68 38.4547
2.69 38.4492
2.7 38.4436
2.71 38.4381
2.72 38.4326
2.73 38.4271
2.74 38.4215
2.75 38.416
2.76 38.4105
2.77 38.405
2.78 38.3994
2.79 38.3939
2.8 38.3884
2.81 38.3829
2.82 38.3774
2.83 38.3718
2.84 38.3663
2.85 38.3608
2.86 38.3553
2.87 38.3498
2.88 38.3443
2.89 38.3388
2.9 38.3333
2.91 38.3278
2.92 38.3223
2.93 38.3168
2.94 38.3113
2.95 38.3058
2.96 38.3003
2.97 38.2948
2.98 38.2893
2.99 38.2839
3 38.2784
3.01 38.2729
3.02 38.2674
3.03 38.2619
3.04 38.2565
3.05 38.251
3.06 38.2455
3.07 38.24
3.08 38.2346
3.09 38.2291
3.1 38.2236
3.11 38.2181
3.12 38.2127
3.13 38.2072
3.14 38.2018
3.15 38.1963
3.16 38.1908
3.17 38.1854
3.18 38.1799
3.19 38.1745
3.2 38.169
3.21 38.1636
3.22 38.1581
3.23 38.1527
3.24 38.1472
3.25 38.1418
3.26 38.1363
3.27 38.1309
3.28 38.1255
3.29 38.12
3.3 38.1146
3.31 38.1092
3.32 38.1037
3.33 38.0983
3.34 38.0929
3.35 38.0874
3.36 38.082
3.37 38.0766
3.38 38.0712
3.39 38.0657
3.4 38.0603
3.41 38.0549
3.42 38.0495
3.43 38.0441
3.44 38.0387
3.45 38.0332
3.46 38.0278
3.47 38.0224
3.48 38.017
3.49 38.0116
3.5 38.0062
3.51 38.0008
3.52 37.9954
3.53 37.99
3.54 37.9846
3.55 37.9792
3.56 37.9738
3.57 37.9684
3.58 37.963
3.59 37.9576
3.6 37.9523
3.61 37.9469
3.62 37.9415
3.63 37.9361
3.64 37.9307
3.65 37.9253
3.66 37.92
3.67 37.9146
3.68 37.9092
3.69 37.9038
3.7 37.8985
3.71 37.8931
3.72 37.8877
3.73 37.8824
3.74 37.877
3.75 37.8716
3.76 37.8663
3.77 37.8609
3.78 37.8556
3.79 37.8502
3.8 37.8449
3.81 37.8395
3.82 37.8341
3.83 37.8288
3.84 37.8234
3.85 37.8181
3.86 37.8128
3.87 37.8074
3.88 37.8021
3.89 37.7967
3.9 37.7914
3.91 37.7861
3.92 37.7807
3.93 37.7754
3.94 37.7701
3.95 37.7647
3.96 37.7594
3.97 37.7541
3.98 37.7487
3.99 37.7434
4 37.7381
4.01 37.7328
4.02 37.7274
4.03 37.7221
4.04 37.7168
4.05 37.7115
4.06 37.7062
4.07 37.7009
4.08 37.6956
4.09 37.6903
4.1 37.6849
4.11 37.6796
4.12 37.6743
4.13 37.669
4.14 37.6637
4.15 37.6584
4.16 37.6531
4.17 37.6478
4.18 37.6425
4.19 37.6373
4.2 37.632
4.21 37.6267
4.22 37.6214
4.23 37.6161
4.24 37.6108
4.25 37.6055
4.26 37.6002
4.27 37.595
4.28 37.5897
4.29 37.5844
4.3 37.5791
4.31 37.5739
4.32 37.5686
4.33 37.5633
4.34 37.5581
4.35 37.5528
4.36 37.5475
4.37 37.5423
4.38 37.537
4.39 37.5317
4.4 37.5265
4.41 37.5212
4.42 37.516
4.43 37.5107
4.44 37.5055
4.45 37.5002
4.46 37.4949
4.47 37.4897
4.48 37.4845
4.49 37.4792
4.5 37.474
4.51 37.4687
4.52 37.4635
4.53 37.4582
4.54 37.453
4.55 37.4478
4.56 37.4425
4.57 37.4373
4.58 37.4321
4.59 37.4268
4.6 37.4216
4.61 37.4164
4.62 37.4112
4.63 37.4059
4.64 37.4007
4.65 37.3955
4.66 37.3903
4.67 37.3851
4.68 37.3798
4.69 37.3746
4.7 37.3694
4.71 37.3642
4.72 37.359
4.73 37.3538
4.74 37.3486
4.75 37.3434
4.76 37.3382
4.77 37.333
4.78 37.3278
4.79 37.3226
4.8 37.3174
4.81 37.3122
4.82 37.307
4.83 37.3018
4.84 37.2966
4.85 37.2914
4.86 37.2862
4.87 37.281
4.88 37.2759
4.89 37.2707
4.9 37.2655
4.91 37.2603
4.92 37.2551
4.93 37.25
4.94 37.2448
4.95 37.2396
4.96 37.2344
4.97 37.2293
4.98 37.2241
4.99 37.2189
5 37.2138
5.01 37.2086
5.02 37.2034
5.03 37.1983
5.04 37.1931
5.05 37.188
5.06 37.1828
5.07 37.1777
5.08 37.1725
5.09 37.1674
5.1 37.1622
5.11 37.1571
5.12 37.1519
5.13 37.1468
5.14 37.1416
5.15 37.1365
5.16 37.1313
5.17 37.1262
5.18 37.1211
5.19 37.1159
5.2 37.1108
5.21 37.1057
5.22 37.1005
5.23 37.0954
5.24 37.0903
5.25 37.0851
5.26 37.08
5.27 37.0749
5.28 37.0698
5.29 37.0646
5.3 37.0595
5.31 37.0544
5.32 37.0493
5.33 37.0442
5.34 37.0391
5.35 37.0339
5.36 37.0288
5.37 37.0237
5.38 37.0186
5.39 37.0135
5.4 37.0084
5.41 37.0033
5.42 36.9982
5.43 36.9931
5.44 36.988
5.45 36.9829
5.46 36.9778
5.47 36.9727
5.48 36.9676
5.49 36.9625
5.5 36.9575
5.51 36.9524
5.52 36.9473
5.53 36.9422
5.54 36.9371
5.55 36.932
5.56 36.927
5.57 36.9219
5.58 36.9168
5.59 36.9117
5.6 36.9067
5.61 36.9016
5.62 36.8965
5.63 36.8914
5.64 36.8864
5.65 36.8813
5.66 36.8762
5.67 36.8712
5.68 36.8661
5.69 36.8611
5.7 36.856
5.71 36.8509
5.72 36.8459
5.73 36.8408
5.74 36.8358
5.75 36.8307
5.76 36.8257
5.77 36.8206
5.78 36.8156
5.79 36.8105
5.8 36.8055
5.81 36.8005
5.82 36.7954
5.83 36.7904
5.84 36.7853
5.85 36.7803
5.86 36.7753
5.87 36.7702
5.88 36.7652
5.89 36.7602
5.9 36.7552
5.91 36.7501
5.92 36.7451
5.93 36.7401
5.94 36.7351
5.95 36.73
5.96 36.725
5.97 36.72
5.98 36.715
5.99 36.71
6 36.705
6.01 36.6999
6.02 36.6949
6.03 36.6899
6.04 36.6849
6.05 36.6799
6.06 36.6749
6.07 36.6699
6.08 36.6649
6.09 36.6599
6.1 36.6549
6.11 36.6499
6.12 36.6449
6.13 36.6399
6.14 36.6349
6.15 36.6299
6.16 36.6249
6.17 36.62
6.18 36.615
6.19 36.61
6.2 36.605
6.21 36.6
6.22 36.595
6.23 36.5901
6.24 36.5851
6.25 36.5801
6.26 36.5751
6.27 36.5702
6.28 36.5652
6.29 36.5602
6.3 36.5553
6.31 36.5503
6.32 36.5453
6.33 36.5404
6.34 36.5354
6.35 36.5304
6.36 36.5255
6.37 36.5205
6.38 36.5156
6.39 36.5106
6.4 36.5057
6.41 36.5007
6.42 36.4958
6.43 36.4908
6.44 36.4859
6.45 36.4809
6.46 36.476
6.47 36.471
6.48 36.4661
6.49 36.4612
6.5 36.4562
6.51 36.4513
6.52 36.4463
6.53 36.4414
6.54 36.4365
6.55 36.4315
6.56 36.4266
6.57 36.4217
6.58 36.4168
6.59 36.4118
6.6 36.4069
6.61 36.402
6.62 36.3971
6.63 36.3921
6.64 36.3872
6.65 36.3823
6.66 36.3774
6.67 36.3725
6.68 36.3676
6.69 36.3627
6.7 36.3578
6.71 36.3528
6.72 36.3479
6.73 36.343
6.74 36.3381
6.75 36.3332
6.76 36.3283
6.77 36.3234
6.78 36.3185
6.79 36.3136
6.8 36.3087
6.81 36.3039
6.82 36.299
6.83 36.2941
6.84 36.2892
6.85 36.2843
6.86 36.2794
6.87 36.2745
6.88 36.2696
6.89 36.2648
6.9 36.2599
6.91 36.255
6.92 36.2501
6.93 36.2453
6.94 36.2404
6.95 36.2355
6.96 36.2306
6.97 36.2258
6.98 36.2209
6.99 36.216
7 36.2112
7.01 36.2063
7.02 36.2014
7.03 36.1966
7.04 36.1917
7.05 36.1869
7.06 36.182
7.07 36.1772
7.08 36.1723
7.09 36.1675
7.1 36.1626
7.11 36.1578
7.12 36.1529
7.13 36.1481
7.14 36.1432
7.15 36.1384
7.16 36.1335
7.17 36.1287
7.18 36.1239
7.19 36.119
7.2 36.1142
7.21 36.1093
7.22 36.1045
7.23 36.0997
7.24 36.0949
7.25 36.09
7.26 36.0852
7.27 36.0804
7.28 36.0756
7.29 36.0707
7.3 36.0659
7.31 36.0611
7.32 36.0563
7.33 36.0515
7.34 36.0466
7.35 36.0418
7.36 36.037
7.37 36.0322
7.38 36.0274
7.39 36.0226
7.4 36.0178
7.41 36.013
7.42 36.0082
7.43 36.0034
7.44 35.9986
7.45 35.9938
7.46 35.989
7.47 35.9842
7.48 35.9794
7.49 35.9746
7.5 35.9698
7.51 35.965
7.52 35.9602
7.53 35.9554
7.54 35.9506
7.55 35.9458
7.56 35.9411
7.57 35.9363
7.58 35.9315
7.59 35.9267
7.6 35.9219
7.61 35.9172
7.62 35.9124
7.63 35.9076
7.64 35.9028
7.65 35.8981
7.66 35.8933
7.67 35.8885
7.68 35.8838
7.69 35.879
7.7 35.8742
7.71 35.8695
7.72 35.8647
7.73 35.86
7.74 35.8552
7.75 35.8504
7.76 35.8457
7.77 35.8409
7.78 35.8362
7.79 35.8314
7.8 35.8267
7.81 35.8219
7.82 35.8172
7.83 35.8124
7.84 35.8077
7.85 35.803
7.86 35.7982
7.87 35.7935
7.88 35.7887
7.89 35.784
7.9 35.7793
7.91 35.7745
7.92 35.7698
7.93 35.7651
7.94 35.7603
7.95 35.7556
7.96 35.7509
7.97 35.7462
7.98 35.7414
7.99 35.7367
8 35.732
8.01 35.7273
8.02 35.7226
8.03 35.7178
8.04 35.7131
8.05 35.7084
8.06 35.7037
8.07 35.699
8.08 35.6943
8.09 35.6896
8.1 35.6849
8.11 35.6802
8.12 35.6754
8.13 35.6707
8.14 35.666
8.15 35.6613
8.16 35.6566
8.17 35.6519
8.18 35.6473
8.19 35.6426
8.2 35.6379
8.21 35.6332
8.22 35.6285
8.23 35.6238
8.24 35.6191
8.25 35.6144
8.26 35.6097
8.27 35.6051
8.28 35.6004
8.29 35.5957
8.3 35.591
8.31 35.5863
8.32 35.5817
8.33 35.577
8.34 35.5723
8.35 35.5676
8.36 35.563
8.37 35.5583
8.38 35.5536
8.39 35.549
8.4 35.5443
8.41 35.5396
8.42 35.535
8.43 35.5303
8.44 35.5257
8.45 35.521
8.46 35.5163
8.47 35.5117
8.48 35.507
8.49 35.5024
8.5 35.4977
8.51 35.4931
8.52 35.4884
8.53 35.4838
8.54 35.4791
8.55 35.4745
8.56 35.4699
8.57 35.4652
8.58 35.4606
8.59 35.4559
8.6 35.4513
8.61 35.4467
8.62 35.442
8.63 35.4374
8.64 35.4328
8.65 35.4281
8.66 35.4235
8.67 35.4189
8.68 35.4143
8.69 35.4096
8.7 35.405
8.71 35.4004
8.72 35.3958
8.73 35.3912
8.74 35.3865
8.75 35.3819
8.76 35.3773
8.77 35.3727
8.78 35.3681
8.79 35.3635
8.8 35.3589
8.81 35.3543
8.82 35.3496
8.83 35.345
8.84 35.3404
8.85 35.3358
8.86 35.3312
8.87 35.3266
8.88 35.322
8.89 35.3174
8.9 35.3128
8.91 35.3083
8.92 35.3037
8.93 35.2991
8.94 35.2945
8.95 35.2899
8.96 35.2853
8.97 35.2807
8.98 35.2761
8.99 35.2716
9 35.267
9.01 35.2624
9.02 35.2578
9.03 35.2532
9.04 35.2487
9.05 35.2441
9.06 35.2395
9.07 35.2349
9.08 35.2304
9.09 35.2258
9.1 35.2212
9.11 35.2167
9.12 35.2121
9.13 35.2075
9.14 35.203
9.15 35.1984
9.16 35.1939
9.17 35.1893
9.18 35.1847
9.19 35.1802
9.2 35.1756
9.21 35.1711
9.22 35.1665
9.23 35.162
9.24 35.1574
9.25 35.1529
9.26 35.1483
9.27 35.1438
9.28 35.1392
9.29 35.1347
9.3 35.1302
9.31 35.1256
9.32 35.1211
9.33 35.1166
9.34 35.112
9.35 35.1075
9.36 35.103
9.37 35.0984
9.38 35.0939
9.39 35.0894
9.4 35.0848
9.41 35.0803
9.42 35.0758
9.43 35.0713
9.44 35.0667
9.45 35.0622
9.46 35.0577
9.47 35.0532
9.48 35.0487
9.49 35.0442
9.5 35.0396
9.51 35.0351
9.52 35.0306
9.53 35.0261
9.54 35.0216
9.55 35.0171
9.56 35.0126
9.57 35.0081
9.58 35.0036
9.59 34.9991
9.6 34.9946
9.61 34.9901
9.62 34.9856
9.63 34.9811
9.64 34.9766
9.65 34.9721
9.66 34.9676
9.67 34.9631
9.68 34.9586
9.69 34.9541
9.7 34.9497
9.71 34.9452
9.72 34.9407
9.73 34.9362
9.74 34.9317
9.75 34.9272
9.76 34.9228
9.77 34.9183
9.78 34.9138
9.79 34.9093
9.8 34.9049
9.81 34.9004
9.82 34.8959
9.83 34.8915
9.84 34.887
9.85 34.8825
9.86 34.8781
9.87 34.8736
9.88 34.8691
9.89 34.8647
9.9 34.8602
9.91 34.8558
9.92 34.8513
9.93 34.8468
9.94 34.8424
9.95 34.8379
9.96 34.8335
9.97 34.829
9.98 34.8246
9.99 34.8201
10 34.8157
10.01 34.8113
10.02 34.8068
10.03 34.8024
10.04 34.7979
10.05 34.7935
10.06 34.789
10.07 34.7846
10.08 34.7802
10.09 34.7757
10.1 34.7713
10.11 34.7669
10.12 34.7624
10.13 34.758
10.14 34.7536
10.15 34.7492
10.16 34.7447
10.17 34.7403
10.18 34.7359
10.19 34.7315
10.2 34.7271
10.21 34.7226
10.22 34.7182
10.23 34.7138
10.24 34.7094
10.25 34.705
10.26 34.7006
10.27 34.6962
10.28 34.6917
10.29 34.6873
10.3 34.6829
10.31 34.6785
10.32 34.6741
10.33 34.6697
10.34 34.6653
10.35 34.6609
10.36 34.6565
10.37 34.6521
10.38 34.6477
10.39 34.6433
10.4 34.6389
10.41 34.6346
10.42 34.6302
10.43 34.6258
10.44 34.6214
10.45 34.617
10.46 34.6126
10.47 34.6082
10.48 34.6038
10.49 34.5995
10.5 34.5951
10.51 34.5907
10.52 34.5863
10.53 34.582
10.54 34.5776
10.55 34.5732
10.56 34.5688
10.57 34.5645
10.58 34.5601
10.59 34.5557
10.6 34.5514
10.61 34.547
10.62 34.5426
10.63 34.5383
10.64 34.5339
10.65 34.5295
10.66 34.5252
10.67 34.5208
10.68 34.5165
10.69 34.5121
10.7 34.5078
10.71 34.5034
10.72 34.4991
10.73 34.4947
10.74 34.4904
10.75 34.486
10.76 34.4817
10.77 34.4773
10.78 34.473
10.79 34.4686
10.8 34.4643
10.81 34.46
10.82 34.4556
10.83 34.4513
10.84 34.447
10.85 34.4426
10.86 34.4383
10.87 34.434
10.88 34.4296
10.89 34.4253
10.9 34.421
10.91 34.4166
10.92 34.4123
10.93 34.408
10.94 34.4037
10.95 34.3993
10.96 34.395
10.97 34.3907
10.98 34.3864
10.99 34.3821
11 34.3778
11.01 34.3734
11.02 34.3691
11.03 34.3648
11.04 34.3605
11.05 34.3562
11.06 34.3519
11.07 34.3476
11.08 34.3433
11.09 34.339
11.1 34.3347
11.11 34.3304
11.12 34.3261
11.13 34.3218
11.14 34.3175
11.15 34.3132
11.16 34.3089
11.17 34.3046
11.18 34.3003
11.19 34.296
11.2 34.2917
11.21 34.2875
11.22 34.2832
11.23 34.2789
11.24 34.2746
11.25 34.2703
11.26 34.266
11.27 34.2618
11.28 34.2575
11.29 34.2532
11.3 34.2489
11.31 34.2446
11.32 34.2404
11.33 34.2361
11.34 34.2318
11.35 34.2276
11.36 34.2233
11.37 34.219
11.38 34.2148
11.39 34.2105
11.4 34.2062
11.41 34.202
11.42 34.1977
11.43 34.1935
11.44 34.1892
11.45 34.1849
11.46 34.1807
11.47 34.1764
11.48 34.1722
11.49 34.1679
11.5 34.1637
11.51 34.1594
11.52 34.1552
11.53 34.1509
11.54 34.1467
11.55 34.1424
11.56 34.1382
11.57 34.134
11.58 34.1297
11.59 34.1255
11.6 34.1212
11.61 34.117
11.62 34.1128
11.63 34.1085
11.64 34.1043
11.65 34.1001
11.66 34.0958
11.67 34.0916
11.68 34.0874
11.69 34.0832
11.7 34.0789
11.71 34.0747
11.72 34.0705
11.73 34.0663
11.74 34.062
11.75 34.0578
11.76 34.0536
11.77 34.0494
11.78 34.0452
11.79 34.041
11.8 34.0368
11.81 34.0325
11.82 34.0283
11.83 34.0241
11.84 34.0199
11.85 34.0157
11.86 34.0115
11.87 34.0073
11.88 34.0031
11.89 33.9989
11.9 33.9947
11.91 33.9905
11.92 33.9863
11.93 33.9821
11.94 33.9779
11.95 33.9737
11.96 33.9695
11.97 33.9653
11.98 33.9611
11.99 33.957
12 33.9528
12.01 33.9486
12.02 33.9444
12.03 33.9402
12.04 33.936
12.05 33.9319
12.06 33.9277
12.07 33.9235
12.08 33.9193
12.09 33.9151
12.1 33.911
12.11 33.9068
12.12 33.9026
12.13 33.8985
12.14 33.8943
12.15 33.8901
12.16 33.886
12.17 33.8818
12.18 33.8776
12.19 33.8735
12.2 33.8693
12.21 33.8651
12.22 33.861
12.23 33.8568
12.24 33.8527
12.25 33.8485
12.26 33.8443
12.27 33.8402
12.28 33.836
12.29 33.8319
12.3 33.8277
12.31 33.8236
12.32 33.8194
12.33 33.8153
12.34 33.8112
12.35 33.807
12.36 33.8029
12.37 33.7987
12.38 33.7946
12.39 33.7905
12.4 33.7863
12.41 33.7822
12.42 33.778
12.43 33.7739
12.44 33.7698
12.45 33.7656
12.46 33.7615
12.47 33.7574
12.48 33.7533
12.49 33.7491
12.5 33.745
12.51 33.7409
12.52 33.7368
12.53 33.7326
12.54 33.7285
12.55 33.7244
12.56 33.7203
12.57 33.7162
12.58 33.7121
12.59 33.7079
12.6 33.7038
12.61 33.6997
12.62 33.6956
12.63 33.6915
12.64 33.6874
12.65 33.6833
12.66 33.6792
12.67 33.6751
12.68 33.671
12.69 33.6669
12.7 33.6628
12.71 33.6587
12.72 33.6546
12.73 33.6505
12.74 33.6464
12.75 33.6423
12.76 33.6382
12.77 33.6341
12.78 33.63
12.79 33.6259
12.8 33.6218
12.81 33.6178
12.82 33.6137
12.83 33.6096
12.84 33.6055
12.85 33.6014
12.86 33.5973
12.87 33.5933
12.88 33.5892
12.89 33.5851
12.9 33.581
12.91 33.577
12.92 33.5729
12.93 33.5688
12.94 33.5647
12.95 33.5607
12.96 33.5566
12.97 33.5525
12.98 33.5485
12.99 33.5444
13 33.5403
13.01 33.5363
13.02 33.5322
13.03 33.5282
13.04 33.5241
13.05 33.52
13.06 33.516
13.07 33.5119
13.08 33.5079
13.09 33.5038
13.1 33.4998
13.11 33.4957
13.12 33.4917
13.13 33.4876
13.14 33.4836
13.15 33.4795
13.16 33.4755
13.17 33.4715
13.18 33.4674
13.19 33.4634
13.2 33.4593
13.21 33.4553
13.22 33.4513
13.23 33.4472
13.24 33.4432
13.25 33.4392
13.26 33.4351
13.27 33.4311
13.28 33.4271
13.29 33.423
13.3 33.419
13.31 33.415
13.32 33.411
13.33 33.4069
13.34 33.4029
13.35 33.3989
13.36 33.3949
13.37 33.3909
13.38 33.3868
13.39 33.3828
13.4 33.3788
13.41 33.3748
13.42 33.3708
13.43 33.3668
13.44 33.3628
13.45 33.3588
13.46 33.3547
13.47 33.3507
13.48 33.3467
13.49 33.3427
13.5 33.3387
13.51 33.3347
13.52 33.3307
13.53 33.3267
13.54 33.3227
13.55 33.3187
13.56 33.3147
13.57 33.3107
13.58 33.3067
13.59 33.3028
13.6 33.2988
13.61 33.2948
13.62 33.2908
13.63 33.2868
13.64 33.2828
13.65 33.2788
13.66 33.2748
13.67 33.2709
13.68 33.2669
13.69 33.2629
13.7 33.2589
13.71 33.2549
13.72 33.251
13.73 33.247
13.74 33.243
13.75 33.239
13.76 33.2351
13.77 33.2311
13.78 33.2271
13.79 33.2232
13.8 33.2192
13.81 33.2152
13.82 33.2113
13.83 33.2073
13.84 33.2033
13.85 33.1994
13.86 33.1954
13.87 33.1915
13.88 33.1875
13.89 33.1835
13.9 33.1796
13.91 33.1756
13.92 33.1717
13.93 33.1677
13.94 33.1638
13.95 33.1598
13.96 33.1559
13.97 33.1519
13.98 33.148
13.99 33.1441
14 33.1401
14.01 33.1362
14.02 33.1322
14.03 33.1283
14.04 33.1243
14.05 33.1204
14.06 33.1165
14.07 33.1125
14.08 33.1086
14.09 33.1047
14.1 33.1007
14.11 33.0968
14.12 33.0929
14.13 33.089
14.14 33.085
14.15 33.0811
14.16 33.0772
14.17 33.0733
14.18 33.0693
14.19 33.0654
14.2 33.0615
14.21 33.0576
14.22 33.0537
14.23 33.0497
14.24 33.0458
14.25 33.0419
14.26 33.038
14.27 33.0341
14.28 33.0302
14.29 33.0263
14.3 33.0224
14.31 33.0185
14.32 33.0145
14.33 33.0106
14.34 33.0067
14.35 33.0028
14.36 32.9989
14.37 32.995
14.38 32.9911
14.39 32.9872
14.4 32.9833
14.41 32.9795
14.42 32.9756
14.43 32.9717
14.44 32.9678
14.45 32.9639
14.46 32.96
14.47 32.9561
14.48 32.9522
14.49 32.9483
14.5 32.9444
14.51 32.9406
14.52 32.9367
14.53 32.9328
14.54 32.9289
14.55 32.925
14.56 32.9212
14.57 32.9173
14.58 32.9134
14.59 32.9095
14.6 32.9057
14.61 32.9018
14.62 32.8979
14.63 32.8941
14.64 32.8902
14.65 32.8863
14.66 32.8825
14.67 32.8786
14.68 32.8747
14.69 32.8709
14.7 32.867
14.71 32.8631
14.72 32.8593
14.73 32.8554
14.74 32.8516
14.75 32.8477
14.76 32.8439
14.77 32.84
14.78 32.8362
14.79 32.8323
14.8 32.8285
14.81 32.8246
14.82 32.8208
14.83 32.8169
14.84 32.8131
14.85 32.8092
14.86 32.8054
14.87 32.8015
14.88 32.7977
14.89 32.7939
14.9 32.79
14.91 32.7862
14.92 32.7823
14.93 32.7785
14.94 32.7747
14.95 32.7708
14.96 32.767
14.97 32.7632
14.98 32.7594
14.99 32.7555
15 32.7517
15.01 32.7479
15.02 32.7441
15.03 32.7402
15.04 32.7364
15.05 32.7326
15.06 32.7288
15.07 32.7249
15.08 32.7211
15.09 32.7173
15.1 32.7135
15.11 32.7097
15.12 32.7059
15.13 32.7021
15.14 32.6982
15.15 32.6944
15.16 32.6906
15.17 32.6868
15.18 32.683
15.19 32.6792
15.2 32.6754
15.21 32.6716
15.22 32.6678
15.23 32.664
15.24 32.6602
15.25 32.6564
15.26 32.6526
15.27 32.6488
15.28 32.645
15.29 32.6412
15.3 32.6374
15.31 32.6336
15.32 32.6299
15.33 32.6261
15.34 32.6223
15.35 32.6185
15.36 32.6147
15.37 32.6109
15.38 32.6071
15.39 32.6034
15.4 32.5996
15.41 32.5958
15.42 32.592
15.43 32.5882
15.44 32.5845
15.45 32.5807
15.46 32.5769
15.47 32.5731
15.48 32.5694
15.49 32.5656
15.5 32.5618
15.51 32.5581
15.52 32.5543
15.53 32.5505
15.54 32.5468
15.55 32.543
15.56 32.5392
15.57 32.5355
15.58 32.5317
15.59 32.5279
15.6 32.5242
15.61 32.5204
15.62 32.5167
15.63 32.5129
15.64 32.5092
15.65 32.5054
15.66 32.5017
15.67 32.4979
15.68 32.4942
15.69 32.4904
15.7 32.4867
15.71 32.4829
15.72 32.4792
15.73 32.4754
15.74 32.4717
15.75 32.468
15.76 32.4642
15.77 32.4605
15.78 32.4567
15.79 32.453
15.8 32.4493
15.81 32.4455
15.82 32.4418
15.83 32.4381
15.84 32.4343
15.85 32.4306
15.86 32.4269
15.87 32.4231
15.88 32.4194
15.89 32.4157
15.9 32.412
15.91 32.4082
15.92 32.4045
15.93 32.4008
15.94 32.3971
15.95 32.3934
15.96 32.3896
15.97 32.3859
15.98 32.3822
15.99 32.3785
16 32.3748
16.01 32.3711
16.02 32.3674
16.03 32.3636
16.04 32.3599
16.05 32.3562
16.06 32.3525
16.07 32.3488
16.08 32.3451
16.09 32.3414
16.1 32.3377
16.11 32.334
16.12 32.3303
16.13 32.3266
16.14 32.3229
16.15 32.3192
16.16 32.3155
16.17 32.3118
16.18 32.3081
16.19 32.3044
16.2 32.3007
16.21 32.297
16.22 32.2934
16.23 32.2897
16.24 32.286
16.25 32.2823
16.26 32.2786
16.27 32.2749
16.28 32.2712
16.29 32.2676
16.3 32.2639
16.31 32.2602
16.32 32.2565
16.33 32.2529
16.34 32.2492
16.35 32.2455
16.36 32.2418
16.37 32.2382
16.38 32.2345
16.39 32.2308
16.4 32.2271
16.41 32.2235
16.42 32.2198
16.43 32.2161
16.44 32.2125
16.45 32.2088
16.46 32.2052
16.47 32.2015
16.48 32.1978
16.49 32.1942
16.5 32.1905
16.51 32.1869
16.52 32.1832
16.53 32.1795
16.54 32.1759
16.55 32.1722
16.56 32.1686
16.57 32.1649
16.58 32.1613
16.59 32.1576
16.6 32.154
16.61 32.1503
16.62 32.1467
16.63 32.1431
16.64 32.1394
16.65 32.1358
16.66 32.1321
16.67 32.1285
16.68 32.1249
16.69 32.1212
16.7 32.1176
16.71 32.1139
16.72 32.1103
16.73 32.1067
16.74 32.103
16.75 32.0994
16.76 32.0958
16.77 32.0922
16.78 32.0885
16.79 32.0849
16.8 32.0813
16.81 32.0776
16.82 32.074
16.83 32.0704
16.84 32.0668
16.85 32.0632
16.86 32.0595
16.87 32.0559
16.88 32.0523
16.89 32.0487
16.9 32.0451
16.91 32.0415
16.92 32.0379
16.93 32.0342
16.94 32.0306
16.95 32.027
16.96 32.0234
16.97 32.0198
16.98 32.0162
16.99 32.0126
17 32.009
17.01 32.0054
17.02 32.0018
17.03 31.9982
17.04 31.9946
17.05 31.991
17.06 31.9874
17.07 31.9838
17.08 31.9802
17.09 31.9766
17.1 31.973
17.11 31.9694
17.12 31.9658
17.13 31.9622
17.14 31.9587
17.15 31.9551
17.16 31.9515
17.17 31.9479
17.18 31.9443
17.19 31.9407
17.2 31.9371
17.21 31.9336
17.22 31.93
17.23 31.9264
17.24 31.9228
17.25 31.9192
17.26 31.9157
17.27 31.9121
17.28 31.9085
17.29 31.905
17.3 31.9014
17.31 31.8978
17.32 31.8942
17.33 31.8907
17.34 31.8871
17.35 31.8835
17.36 31.88
17.37 31.8764
17.38 31.8728
17.39 31.8693
17.4 31.8657
17.41 31.8622
17.42 31.8586
17.43 31.855
17.44 31.8515
17.45 31.8479
17.46 31.8444
17.47 31.8408
17.48 31.8373
17.49 31.8337
17.5 31.8302
17.51 31.8266
17.52 31.8231
17.53 31.8195
17.54 31.816
17.55 31.8124
17.56 31.8089
17.57 31.8054
17.58 31.8018
17.59 31.7983
17.6 31.7947
17.61 31.7912
17.62 31.7877
17.63 31.7841
17.64 31.7806
17.65 31.7771
17.66 31.7735
17.67 31.77
17.68 31.7665
17.69 31.7629
17.7 31.7594
17.71 31.7559
17.72 31.7523
17.73 31.7488
17.74 31.7453
17.75 31.7418
17.76 31.7382
17.77 31.7347
17.78 31.7312
17.79 31.7277
17.8 31.7242
17.81 31.7206
17.82 31.7171
17.83 31.7136
17.84 31.7101
17.85 31.7066
17.86 31.7031
17.87 31.6996
17.88 31.6961
17.89 31.6925
17.9 31.689
17.91 31.6855
17.92 31.682
17.93 31.6785
17.94 31.675
17.95 31.6715
17.96 31.668
17.97 31.6645
17.98 31.661
17.99 31.6575
18 31.654
18.01 31.6505
18.02 31.647
18.03 31.6435
18.04 31.64
18.05 31.6366
18.06 31.6331
18.07 31.6296
18.08 31.6261
18.09 31.6226
18.1 31.6191
18.11 31.6156
18.12 31.6121
18.13 31.6087
18.14 31.6052
18.15 31.6017
18.16 31.5982
18.17 31.5947
18.18 31.5912
18.19 31.5878
18.2 31.5843
18.21 31.5808
18.22 31.5773
18.23 31.5739
18.24 31.5704
18.25 31.5669
18.26 31.5635
18.27 31.56
18.28 31.5565
18.29 31.5531
18.3 31.5496
18.31 31.5461
18.32 31.5427
18.33 31.5392
18.34 31.5357
18.35 31.5323
18.36 31.5288
18.37 31.5254
18.38 31.5219
18.39 31.5184
18.4 31.515
18.41 31.5115
18.42 31.5081
18.43 31.5046
18.44 31.5012
18.45 31.4977
18.46 31.4943
18.47 31.4908
18.48 31.4874
18.49 31.4839
18.5 31.4805
18.51 31.477
18.52 31.4736
18.53 31.4702
18.54 31.4667
18.55 31.4633
18.56 31.4598
18.57 31.4564
18.58 31.453
18.59 31.4495
18.6 31.4461
18.61 31.4427
18.62 31.4392
18.63 31.4358
18.64 31.4324
18.65 31.4289
18.66 31.4255
18.67 31.4221
18.68 31.4187
18.69 31.4152
18.7 31.4118
18.71 31.4084
18.72 31.405
18.73 31.4015
18.74 31.3981
18.75 31.3947
18.76 31.3913
18.77 31.3879
18.78 31.3844
18.79 31.381
18.8 31.3776
18.81 31.3742
18.82 31.3708
18.83 31.3674
18.84 31.364
18.85 31.3606
18.86 31.3571
18.87 31.3537
18.88 31.3503
18.89 31.3469
18.9 31.3435
18.91 31.3401
18.92 31.3367
18.93 31.3333
18.94 31.3299
18.95 31.3265
18.96 31.3231
18.97 31.3197
18.98 31.3163
18.99 31.3129
19 31.3095
19.01 31.3061
19.02 31.3028
19.03 31.2994
19.04 31.296
19.05 31.2926
19.06 31.2892
19.07 31.2858
19.08 31.2824
19.09 31.279
19.1 31.2757
19.11 31.2723
19.12 31.2689
19.13 31.2655
19.14 31.2621
19.15 31.2588
19.16 31.2554
19.17 31.252
19.18 31.2486
19.19 31.2453
19.2 31.2419
19.21 31.2385
19.22 31.2351
19.23 31.2318
19.24 31.2284
19.25 31.225
19.26 31.2217
19.27 31.2183
19.28 31.2149
19.29 31.2116
19.3 31.2082
19.31 31.2048
19.32 31.2015
19.33 31.1981
19.34 31.1948
19.35 31.1914
19.36 31.188
19.37 31.1847
19.38 31.1813
19.39 31.178
19.4 31.1746
19.41 31.1713
19.42 31.1679
19.43 31.1646
19.44 31.1612
19.45 31.1579
19.46 31.1545
19.47 31.1512
19.48 31.1478
19.49 31.1445
19.5 31.1411
19.51 31.1378
19.52 31.1345
19.53 31.1311
19.54 31.1278
19.55 31.1244
19.56 31.1211
19.57 31.1178
19.58 31.1144
19.59 31.1111
19.6 31.1078
19.61 31.1044
19.62 31.1011
19.63 31.0978
19.64 31.0944
19.65 31.0911
19.66 31.0878
19.67 31.0845
19.68 31.0811
19.69 31.0778
19.7 31.0745
19.71 31.0712
19.72 31.0678
19.73 31.0645
19.74 31.0612
19.75 31.0579
19.76 31.0546
19.77 31.0512
19.78 31.0479
19.79 31.0446
19.8 31.0413
19.81 31.038
19.82 31.0347
19.83 31.0314
19.84 31.0281
19.85 31.0248
19.86 31.0214
19.87 31.0181
19.88 31.0148
19.89 31.0115
19.9 31.0082
19.91 31.0049
19.92 31.0016
19.93 30.9983
19.94 30.995
19.95 30.9917
19.96 30.9884
19.97 30.9851
19.98 30.9818
19.99 30.9785
20 30.9752
20.01 30.972
20.02 30.9687
20.03 30.9654
20.04 30.9621
20.05 30.9588
20.06 30.9555
20.07 30.9522
20.08 30.9489
20.09 30.9456
20.1 30.9424
20.11 30.9391
20.12 30.9358
20.13 30.9325
20.14 30.9292
20.15 30.926
20.16 30.9227
20.17 30.9194
20.18 30.9161
20.19 30.9129
20.2 30.9096
20.21 30.9063
20.22 30.903
20.23 30.8998
20.24 30.8965
20.25 30.8932
20.26 30.89
20.27 30.8867
20.28 30.8834
20.29 30.8802
20.3 30.8769
20.31 30.8736
20.32 30.8704
20.33 30.8671
20.34 30.8638
20.35 30.8606
20.36 30.8573
20.37 30.8541
20.38 30.8508
20.39 30.8476
20.4 30.8443
20.41 30.8411
20.42 30.8378
20.43 30.8346
20.44 30.8313
20.45 30.8281
20.46 30.8248
20.47 30.8216
20.48 30.8183
20.49 30.8151
20.5 30.8118
20.51 30.8086
20.52 30.8053
20.53 30.8021
20.54 30.7989
20.55 30.7956
20.56 30.7924
20.57 30.7891
20.58 30.7859
20.59 30.7827
20.6 30.7794
20.61 30.7762
20.62 30.773
20.63 30.7697
20.64 30.7665
20.65 30.7633
20.66 30.76
20.67 30.7568
20.68 30.7536
20.69 30.7504
20.7 30.7471
20.71 30.7439
20.72 30.7407
20.73 30.7375
20.74 30.7342
20.75 30.731
20.76 30.7278
20.77 30.7246
20.78 30.7214
20.79 30.7182
20.8 30.7149
20.81 30.7117
20.82 30.7085
20.83 30.7053
20.84 30.7021
20.85 30.6989
20.86 30.6957
20.87 30.6925
20.88 30.6892
20.89 30.686
20.9 30.6828
20.91 30.6796
20.92 30.6764
20.93 30.6732
20.94 30.67
20.95 30.6668
20.96 30.6636
20.97 30.6604
20.98 30.6572
20.99 30.654
21 30.6508
21.01 30.6476
21.02 30.6444
21.03 30.6412
21.04 30.6381
21.05 30.6349
21.06 30.6317
21.07 30.6285
21.08 30.6253
21.09 30.6221
21.1 30.6189
21.11 30.6157
21.12 30.6125
21.13 30.6094
21.14 30.6062
21.15 30.603
21.16 30.5998
21.17 30.5966
21.18 30.5935
21.19 30.5903
21.2 30.5871
21.21 30.5839
21.22 30.5808
21.23 30.5776
21.24 30.5744
21.25 30.5712
21.26 30.5681
21.27 30.5649
21.28 30.5617
21.29 30.5586
21.3 30.5554
21.31 30.5522
21.32 30.5491
21.33 30.5459
21.34 30.5427
21.35 30.5396
21.36 30.5364
21.37 30.5332
21.38 30.5301
21.39 30.5269
21.4 30.5238
21.41 30.5206
21.42 30.5175
21.43 30.5143
21.44 30.5111
21.45 30.508
21.46 30.5048
21.47 30.5017
21.48 30.4985
21.49 30.4954
21.5 30.4922
21.51 30.4891
21.52 30.4859
21.53 30.4828
21.54 30.4797
21.55 30.4765
21.56 30.4734
21.57 30.4702
21.58 30.4671
21.59 30.4639
21.6 30.4608
21.61 30.4577
21.62 30.4545
21.63 30.4514
21.64 30.4483
21.65 30.4451
21.66 30.442
21.67 30.4389
21.68 30.4357
21.69 30.4326
21.7 30.4295
21.71 30.4263
21.72 30.4232
21.73 30.4201
21.74 30.417
21.75 30.4138
21.76 30.4107
21.77 30.4076
21.78 30.4045
21.79 30.4013
21.8 30.3982
21.81 30.3951
21.82 30.392
21.83 30.3889
21.84 30.3857
21.85 30.3826
21.86 30.3795
21.87 30.3764
21.88 30.3733
21.89 30.3702
21.9 30.3671
21.91 30.364
21.92 30.3608
21.93 30.3577
21.94 30.3546
21.95 30.3515
21.96 30.3484
21.97 30.3453
21.98 30.3422
21.99 30.3391
22 30.336
22.01 30.3329
22.02 30.3298
22.03 30.3267
22.04 30.3236
22.05 30.3205
22.06 30.3174
22.07 30.3143
22.08 30.3112
22.09 30.3081
22.1 30.305
22.11 30.3019
22.12 30.2989
22.13 30.2958
22.14 30.2927
22.15 30.2896
22.16 30.2865
22.17 30.2834
22.18 30.2803
22.19 30.2772
22.2 30.2742
22.21 30.2711
22.22 30.268
22.23 30.2649
22.24 30.2618
22.25 30.2588
22.26 30.2557
22.27 30.2526
22.28 30.2495
22.29 30.2465
22.3 30.2434
22.31 30.2403
22.32 30.2372
22.33 30.2342
22.34 30.2311
22.35 30.228
22.36 30.225
22.37 30.2219
22.38 30.2188
22.39 30.2158
22.4 30.2127
22.41 30.2096
22.42 30.2066
22.43 30.2035
22.44 30.2004
22.45 30.1974
22.46 30.1943
22.47 30.1913
22.48 30.1882
22.49 30.1852
22.5 30.1821
22.51 30.179
22.52 30.176
22.53 30.1729
22.54 30.1699
22.55 30.1668
22.56 30.1638
22.57 30.1607
22.58 30.1577
22.59 30.1546
22.6 30.1516
22.61 30.1485
22.62 30.1455
22.63 30.1425
22.64 30.1394
22.65 30.1364
22.66 30.1333
22.67 30.1303
22.68 30.1273
22.69 30.1242
22.7 30.1212
22.71 30.1181
22.72 30.1151
22.73 30.1121
22.74 30.109
22.75 30.106
22.76 30.103
22.77 30.0999
22.78 30.0969
22.79 30.0939
22.8 30.0909
22.81 30.0878
22.82 30.0848
22.83 30.0818
22.84 30.0788
22.85 30.0757
22.86 30.0727
22.87 30.0697
22.88 30.0667
22.89 30.0636
22.9 30.0606
22.91 30.0576
22.92 30.0546
22.93 30.0516
22.94 30.0486
22.95 30.0455
22.96 30.0425
22.97 30.0395
22.98 30.0365
22.99 30.0335
23 30.0305
23.01 30.0275
23.02 30.0245
23.03 30.0215
23.04 30.0185
23.05 30.0154
23.06 30.0124
23.07 30.0094
23.08 30.0064
23.09 30.0034
23.1 30.0004
23.11 29.9974
23.12 29.9944
23.13 29.9914
23.14 29.9884
23.15 29.9854
23.16 29.9824
23.17 29.9795
23.18 29.9765
23.19 29.9735
23.2 29.9705
23.21 29.9675
23.22 29.9645
23.23 29.9615
23.24 29.9585
23.25 29.9555
23.26 29.9525
23.27 29.9496
23.28 29.9466
23.29 29.9436
23.3 29.9406
23.31 29.9376
23.32 29.9346
23.33 29.9317
23.34 29.9287
23.35 29.9257
23.36 29.9227
23.37 29.9197
23.38 29.9168
23.39 29.9138
23.4 29.9108
23.41 29.9078
23.42 29.9049
23.43 29.9019
23.44 29.8989
23.45 29.896
23.46 29.893
23.47 29.89
23.48 29.8871
23.49 29.8841
23.5 29.8811
23.51 29.8782
23.52 29.8752
23.53 29.8722
23.54 29.8693
23.55 29.8663
23.56 29.8634
23.57 29.8604
23.58 29.8574
23.59 29.8545
23.6 29.8515
23.61 29.8486
23.62 29.8456
23.63 29.8427
23.64 29.8397
23.65 29.8368
23.66 29.8338
23.67 29.8309
23.68 29.8279
23.69 29.825
23.7 29.822
23.71 29.8191
23.72 29.8161
23.73 29.8132
23.74 29.8102
23.75 29.8073
23.76 29.8043
23.77 29.8014
23.78 29.7985
23.79 29.7955
23.8 29.7926
23.81 29.7896
23.82 29.7867
23.83 29.7838
23.84 29.7808
23.85 29.7779
23.86 29.775
23.87 29.772
23.88 29.7691
23.89 29.7662
23.9 29.7632
23.91 29.7603
23.92 29.7574
23.93 29.7545
23.94 29.7515
23.95 29.7486
23.96 29.7457
23.97 29.7428
23.98 29.7398
23.99 29.7369
24 29.734
24.01 29.7311
24.02 29.7282
24.03 29.7252
24.04 29.7223
24.05 29.7194
24.06 29.7165
24.07 29.7136
24.08 29.7107
24.09 29.7077
24.1 29.7048
24.11 29.7019
24.12 29.699
24.13 29.6961
24.14 29.6932
24.15 29.6903
24.16 29.6874
24.17 29.6845
24.18 29.6816
24.19 29.6787
24.2 29.6758
24.21 29.6729
24.22 29.67
24.23 29.6671
24.24 29.6642
24.25 29.6613
24.26 29.6584
24.27 29.6555
24.28 29.6526
24.29 29.6497
24.3 29.6468
24.31 29.6439
24.32 29.641
24.33 29.6381
24.34 29.6352
24.35 29.6323
24.36 29.6294
24.37 29.6265
24.38 29.6236
24.39 29.6208
24.4 29.6179
24.41 29.615
24.42 29.6121
24.43 29.6092
24.44 29.6063
24.45 29.6034
24.46 29.6006
24.47 29.5977
24.48 29.5948
24.49 29.5919
24.5 29.5891
24.51 29.5862
24.52 29.5833
24.53 29.5804
24.54 29.5776
24.55 29.5747
24.56 29.5718
24.57 29.5689
24.58 29.5661
24.59 29.5632
24.6 29.5603
24.61 29.5575
24.62 29.5546
24.63 29.5517
24.64 29.5489
24.65 29.546
24.66 29.5431
24.67 29.5403
24.68 29.5374
24.69 29.5345
24.7 29.5317
24.71 29.5288
24.72 29.526
24.73 29.5231
24.74 29.5202
24.75 29.5174
24.76 29.5145
24.77 29.5117
24.78 29.5088
24.79 29.506
24.8 29.5031
24.81 29.5003
24.82 29.4974
24.83 29.4946
24.84 29.4917
24.85 29.4889
24.86 29.486
24.87 29.4832
24.88 29.4803
24.89 29.4775
24.9 29.4747
24.91 29.4718
24.92 29.469
24.93 29.4661
24.94 29.4633
24.95 29.4605
24.96 29.4576
24.97 29.4548
24.98 29.4519
24.99 29.4491
25 29.4463
25.01 29.4434
25.02 29.4406
25.03 29.4378
25.04 29.4349
25.05 29.4321
25.06 29.4293
25.07 29.4264
25.08 29.4236
25.09 29.4208
25.1 29.418
25.11 29.4151
25.12 29.4123
25.13 29.4095
25.14 29.4067
25.15 29.4038
25.16 29.401
25.17 29.3982
25.18 29.3954
25.19 29.3926
25.2 29.3898
25.21 29.3869
25.22 29.3841
25.23 29.3813
25.24 29.3785
25.25 29.3757
25.26 29.3729
25.27 29.3701
25.28 29.3672
25.29 29.3644
25.3 29.3616
25.31 29.3588
25.32 29.356
25.33 29.3532
25.34 29.3504
25.35 29.3476
25.36 29.3448
25.37 29.342
25.38 29.3392
25.39 29.3364
25.4 29.3336
25.41 29.3308
25.42 29.328
25.43 29.3252
25.44 29.3224
25.45 29.3196
25.46 29.3168
25.47 29.314
25.48 29.3112
25.49 29.3084
25.5 29.3056
25.51 29.3028
25.52 29.3
25.53 29.2972
25.54 29.2944
25.55 29.2917
25.56 29.2889
25.57 29.2861
25.58 29.2833
25.59 29.2805
25.6 29.2777
25.61 29.2749
25.62 29.2722
25.63 29.2694
25.64 29.2666
25.65 29.2638
25.66 29.261
25.67 29.2583
25.68 29.2555
25.69 29.2527
25.7 29.2499
25.71 29.2472
25.72 29.2444
25.73 29.2416
25.74 29.2388
25.75 29.2361
25.76 29.2333
25.77 29.2305
25.78 29.2278
25.79 29.225
25.8 29.2222
25.81 29.2195
25.82 29.2167
25.83 29.2139
25.84 29.2112
25.85 29.2084
25.86 29.2056
25.87 29.2029
25.88 29.2001
25.89 29.1974
25.9 29.1946
25.91 29.1918
25.92 29.1891
25.93 29.1863
25.94 29.1836
25.95 29.1808
25.96 29.1781
25.97 29.1753
25.98 29.1726
25.99 29.1698
26 29.167
26.01 29.1643
26.02 29.1615
26.03 29.1588
26.04 29.1561
26.05 29.1533
26.06 29.1506
26.07 29.1478
26.08 29.1451
26.09 29.1423
26.1 29.1396
26.11 29.1368
26.12 29.1341
26.13 29.1314
26.14 29.1286
26.15 29.1259
26.16 29.1231
26.17 29.1204
26.18 29.1177
26.19 29.1149
26.2 29.1122
26.21 29.1095
26.22 29.1067
26.23 29.104
26.24 29.1013
26.25 29.0985
26.26 29.0958
26.27 29.0931
26.28 29.0904
26.29 29.0876
26.3 29.0849
26.31 29.0822
26.32 29.0795
26.33 29.0767
26.34 29.074
26.35 29.0713
26.36 29.0686
26.37 29.0658
26.38 29.0631
26.39 29.0604
26.4 29.0577
26.41 29.055
26.42 29.0523
26.43 29.0495
26.44 29.0468
26.45 29.0441
26.46 29.0414
26.47 29.0387
26.48 29.036
26.49 29.0333
26.5 29.0305
26.51 29.0278
26.52 29.0251
26.53 29.0224
26.54 29.0197
26.55 29.017
26.56 29.0143
26.57 29.0116
26.58 29.0089
26.59 29.0062
26.6 29.0035
26.61 29.0008
26.62 28.9981
26.63 28.9954
26.64 28.9927
26.65 28.99
26.66 28.9873
26.67 28.9846
26.68 28.9819
26.69 28.9792
26.7 28.9765
26.71 28.9738
26.72 28.9711
26.73 28.9684
26.74 28.9658
26.75 28.9631
26.76 28.9604
26.77 28.9577
26.78 28.955
26.79 28.9523
26.8 28.9496
26.81 28.9469
26.82 28.9443
26.83 28.9416
26.84 28.9389
26.85 28.9362
26.86 28.9335
26.87 28.9308
26.88 28.9282
26.89 28.9255
26.9 28.9228
26.91 28.9201
26.92 28.9175
26.93 28.9148
26.94 28.9121
26.95 28.9094
26.96 28.9068
26.97 28.9041
26.98 28.9014
26.99 28.8987
27 28.8961
27.01 28.8934
27.02 28.8907
27.03 28.8881
27.04 28.8854
27.05 28.8827
27.06 28.8801
27.07 28.8774
27.08 28.8748
27.09 28.8721
27.1 28.8694
27.11 28.8668
27.12 28.8641
27.13 28.8614
27.14 28.8588
27.15 28.8561
27.16 28.8535
27.17 28.8508
27.18 28.8482
27.19 28.8455
27.2 28.8429
27.21 28.8402
27.22 28.8376
27.23 28.8349
27.24 28.8322
27.25 28.8296
27.26 28.827
27.27 28.8243
27.28 28.8217
27.29 28.819
27.3 28.8164
27.31 28.8137
27.32 28.8111
27.33 28.8084
27.34 28.8058
27.35 28.8031
27.36 28.8005
27.37 28.7979
27.38 28.7952
27.39 28.7926
27.4 28.7899
27.41 28.7873
27.42 28.7847
27.43 28.782
27.44 28.7794
27.45 28.7768
27.46 28.7741
27.47 28.7715
27.48 28.7689
27.49 28.7662
27.5 28.7636
27.51 28.761
27.52 28.7584
27.53 28.7557
27.54 28.7531
27.55 28.7505
27.56 28.7479
27.57 28.7452
27.58 28.7426
27.59 28.74
27.6 28.7374
27.61 28.7347
27.62 28.7321
27.63 28.7295
27.64 28.7269
27.65 28.7243
27.66 28.7216
27.67 28.719
27.68 28.7164
27.69 28.7138
27.7 28.7112
27.71 28.7086
27.72 28.706
27.73 28.7033
27.74 28.7007
27.75 28.6981
27.76 28.6955
27.77 28.6929
27.78 28.6903
27.79 28.6877
27.8 28.6851
27.81 28.6825
27.82 28.6799
27.83 28.6773
27.84 28.6747
27.85 28.6721
27.86 28.6695
27.87 28.6669
27.88 28.6643
27.89 28.6617
27.9 28.6591
27.91 28.6565
27.92 28.6539
27.93 28.6513
27.94 28.6487
27.95 28.6461
27.96 28.6435
27.97 28.6409
27.98 28.6383
27.99 28.6357
28 28.6331
28.01 28.6305
28.02 28.6279
28.03 28.6254
28.04 28.6228
28.05 28.6202
28.06 28.6176
28.07 28.615
28.08 28.6124
28.09 28.6098
28.1 28.6073
28.11 28.6047
28.12 28.6021
28.13 28.5995
28.14 28.5969
28.15 28.5944
28.16 28.5918
28.17 28.5892
28.18 28.5866
28.19 28.584
28.2 28.5815
28.21 28.5789
28.22 28.5763
28.23 28.5738
28.24 28.5712
28.25 28.5686
28.26 28.566
28.27 28.5635
28.28 28.5609
28.29 28.5583
28.3 28.5558
28.31 28.5532
28.32 28.5506
28.33 28.5481
28.34 28.5455
28.35 28.5429
28.36 28.5404
28.37 28.5378
28.38 28.5352
28.39 28.5327
28.4 28.5301
28.41 28.5276
28.42 28.525
28.43 28.5225
28.44 28.5199
28.45 28.5173
28.46 28.5148
28.47 28.5122
28.48 28.5097
28.49 28.5071
28.5 28.5046
28.51 28.502
28.52 28.4995
28.53 28.4969
28.54 28.4944
28.55 28.4918
28.56 28.4893
28.57 28.4867
28.58 28.4842
28.59 28.4816
28.6 28.4791
28.61 28.4765
28.62 28.474
28.63 28.4715
28.64 28.4689
28.65 28.4664
28.66 28.4638
28.67 28.4613
28.68 28.4588
28.69 28.4562
28.7 28.4537
28.71 28.4512
28.72 28.4486
28.73 28.4461
28.74 28.4436
28.75 28.441
28.76 28.4385
28.77 28.436
28.78 28.4334
28.79 28.4309
28.8 28.4284
28.81 28.4258
28.82 28.4233
28.83 28.4208
28.84 28.4183
28.85 28.4157
28.86 28.4132
28.87 28.4107
28.88 28.4082
28.89 28.4056
28.9 28.4031
28.91 28.4006
28.92 28.3981
28.93 28.3956
28.94 28.393
28.95 28.3905
28.96 28.388
28.97 28.3855
28.98 28.383
28.99 28.3805
29 28.3779
29.01 28.3754
29.02 28.3729
29.03 28.3704
29.04 28.3679
29.05 28.3654
29.06 28.3629
29.07 28.3604
29.08 28.3579
29.09 28.3553
29.1 28.3528
29.11 28.3503
29.12 28.3478
29.13 28.3453
29.14 28.3428
29.15 28.3403
29.16 28.3378
29.17 28.3353
29.18 28.3328
29.19 28.3303
29.2 28.3278
29.21 28.3253
29.22 28.3228
29.23 28.3203
29.24 28.3178
29.25 28.3153
29.26 28.3128
29.27 28.3103
29.28 28.3078
29.29 28.3054
29.3 28.3029
29.31 28.3004
29.32 28.2979
29.33 28.2954
29.34 28.2929
29.35 28.2904
29.36 28.2879
29.37 28.2854
29.38 28.283
29.39 28.2805
29.4 28.278
29.41 28.2755
29.42 28.273
29.43 28.2705
29.44 28.2681
29.45 28.2656
29.46 28.2631
29.47 28.2606
29.48 28.2581
29.49 28.2557
29.5 28.2532
29.51 28.2507
29.52 28.2482
29.53 28.2458
29.54 28.2433
29.55 28.2408
29.56 28.2383
29.57 28.2359
29.58 28.2334
29.59 28.2309
29.6 28.2285
29.61 28.226
29.62 28.2235
29.63 28.2211
29.64 28.2186
29.65 28.2161
29.66 28.2137
29.67 28.2112
29.68 28.2087
29.69 28.2063
29.7 28.2038
29.71 28.2013
29.72 28.1989
29.73 28.1964
29.74 28.194
29.75 28.1915
29.76 28.1891
29.77 28.1866
29.78 28.1841
29.79 28.1817
29.8 28.1792
29.81 28.1768
29.82 28.1743
29.83 28.1719
29.84 28.1694
29.85 28.167
29.86 28.1645
29.87 28.1621
29.88 28.1596
29.89 28.1572
29.9 28.1547
29.91 28.1523
29.92 28.1498
29.93 28.1474
29.94 28.1449
29.95 28.1425
29.96 28.1401
29.97 28.1376
29.98 28.1352
29.99 28.1327
30 28.1303
30.01 28.1279
30.02 28.1254
30.03 28.123
30.04 28.1205
30.05 28.1181
30.06 28.1157
30.07 28.1132
30.08 28.1108
30.09 28.1084
30.1 28.1059
30.11 28.1035
30.12 28.1011
30.13 28.0986
30.14 28.0962
30.15 28.0938
30.16 28.0914
30.17 28.0889
30.18 28.0865
30.19 28.0841
30.2 28.0817
30.21 28.0792
30.22 28.0768
30.23 28.0744
30.24 28.072
30.25 28.0695
30.26 28.0671
30.27 28.0647
30.28 28.0623
30.29 28.0599
30.3 28.0574
30.31 28.055
30.32 28.0526
30.33 28.0502
30.34 28.0478
30.35 28.0454
30.36 28.0429
30.37 28.0405
30.38 28.0381
30.39 28.0357
30.4 28.0333
30.41 28.0309
30.42 28.0285
30.43 28.0261
30.44 28.0237
30.45 28.0213
30.46 28.0189
30.47 28.0164
30.48 28.014
30.49 28.0116
30.5 28.0092
30.51 28.0068
30.52 28.0044
30.53 28.002
30.54 27.9996
30.55 27.9972
30.56 27.9948
30.57 27.9924
30.58 27.99
30.59 27.9876
30.6 27.9852
30.61 27.9828
30.62 27.9804
30.63 27.9781
30.64 27.9757
30.65 27.9733
30.66 27.9709
30.67 27.9685
30.68 27.9661
30.69 27.9637
30.7 27.9613
30.71 27.9589
30.72 27.9565
30.73 27.9542
30.74 27.9518
30.75 27.9494
30.76 27.947
30.77 27.9446
30.78 27.9422
30.79 27.9398
30.8 27.9375
30.81 27.9351
30.82 27.9327
30.83 27.9303
30.84 27.9279
30.85 27.9256
30.86 27.9232
30.87 27.9208
30.88 27.9184
30.89 27.9161
30.9 27.9137
30.91 27.9113
30.92 27.9089
30.93 27.9066
30.94 27.9042
30.95 27.9018
30.96 27.8994
30.97 27.8971
30.98 27.8947
30.99 27.8923
31 27.89
31.01 27.8876
31.02 27.8852
31.03 27.8829
31.04 27.8805
31.05 27.8781
31.06 27.8758
31.07 27.8734
31.08 27.8711
31.09 27.8687
31.1 27.8663
31.11 27.864
31.12 27.8616
31.13 27.8593
31.14 27.8569
31.15 27.8545
31.16 27.8522
31.17 27.8498
31.18 27.8475
31.19 27.8451
31.2 27.8428
31.21 27.8404
31.22 27.8381
31.23 27.8357
31.24 27.8334
31.25 27.831
31.26 27.8287
31.27 27.8263
31.28 27.824
31.29 27.8216
31.3 27.8193
31.31 27.8169
31.32 27.8146
31.33 27.8122
31.34 27.8099
31.35 27.8075
31.36 27.8052
31.37 27.8029
31.38 27.8005
31.39 27.7982
31.4 27.7958
31.41 27.7935
31.42 27.7912
31.43 27.7888
31.44 27.7865
31.45 27.7842
31.46 27.7818
31.47 27.7795
31.48 27.7772
31.49 27.7748
31.5 27.7725
31.51 27.7702
31.52 27.7678
31.53 27.7655
31.54 27.7632
31.55 27.7608
31.56 27.7585
31.57 27.7562
31.58 27.7539
31.59 27.7515
31.6 27.7492
31.61 27.7469
31.62 27.7446
31.63 27.7422
31.64 27.7399
31.65 27.7376
31.66 27.7353
31.67 27.7329
31.68 27.7306
31.69 27.7283
31.7 27.726
31.71 27.7237
31.72 27.7214
31.73 27.719
31.74 27.7167
31.75 27.7144
31.76 27.7121
31.77 27.7098
31.78 27.7075
31.79 27.7052
31.8 27.7028
31.81 27.7005
31.82 27.6982
31.83 27.6959
31.84 27.6936
31.85 27.6913
31.86 27.689
31.87 27.6867
31.88 27.6844
31.89 27.6821
31.9 27.6798
31.91 27.6775
31.92 27.6752
31.93 27.6729
31.94 27.6706
31.95 27.6683
31.96 27.6659
31.97 27.6637
31.98 27.6614
31.99 27.6591
32 27.6568
32.01 27.6545
32.02 27.6522
32.03 27.6499
32.04 27.6476
32.05 27.6453
32.06 27.643
32.07 27.6407
32.08 27.6384
32.09 27.6361
32.1 27.6338
32.11 27.6315
32.12 27.6292
32.13 27.6269
32.14 27.6247
32.15 27.6224
32.16 27.6201
32.17 27.6178
32.18 27.6155
32.19 27.6132
32.2 27.6109
32.21 27.6087
32.22 27.6064
32.23 27.6041
32.24 27.6018
32.25 27.5995
32.26 27.5973
32.27 27.595
32.28 27.5927
32.29 27.5904
32.3 27.5881
32.31 27.5859
32.32 27.5836
32.33 27.5813
32.34 27.579
32.35 27.5768
32.36 27.5745
32.37 27.5722
32.38 27.57
32.39 27.5677
32.4 27.5654
32.41 27.5631
32.42 27.5609
32.43 27.5586
32.44 27.5563
32.45 27.5541
32.46 27.5518
32.47 27.5495
32.48 27.5473
32.49 27.545
32.5 27.5427
32.51 27.5405
32.52 27.5382
32.53 27.536
32.54 27.5337
32.55 27.5314
32.56 27.5292
32.57 27.5269
32.58 27.5247
32.59 27.5224
32.6 27.5201
32.61 27.5179
32.62 27.5156
32.63 27.5134
32.64 27.5111
32.65 27.5089
32.66 27.5066
32.67 27.5044
32.68 27.5021
32.69 27.4999
32.7 27.4976
32.71 27.4954
32.72 27.4931
32.73 27.4909
32.74 27.4886
32.75 27.4864
32.76 27.4841
32.77 27.4819
32.78 27.4796
32.79 27.4774
32.8 27.4752
32.81 27.4729
32.82 27.4707
32.83 27.4684
32.84 27.4662
32.85 27.4639
32.86 27.4617
32.87 27.4595
32.88 27.4572
32.89 27.455
32.9 27.4528
32.91 27.4505
32.92 27.4483
32.93 27.4461
32.94 27.4438
32.95 27.4416
32.96 27.4394
32.97 27.4371
32.98 27.4349
32.99 27.4327
33 27.4304
33.01 27.4282
33.02 27.426
33.03 27.4237
33.04 27.4215
33.05 27.4193
33.06 27.4171
33.07 27.4148
33.08 27.4126
33.09 27.4104
33.1 27.4082
33.11 27.4059
33.12 27.4037
33.13 27.4015
33.14 27.3993
33.15 27.3971
33.16 27.3948
33.17 27.3926
33.18 27.3904
33.19 27.3882
33.2 27.386
33.21 27.3838
33.22 27.3815
33.23 27.3793
33.24 27.3771
33.25 27.3749
33.26 27.3727
33.27 27.3705
33.28 27.3683
33.29 27.3661
33.3 27.3638
33.31 27.3616
33.32 27.3594
33.33 27.3572
33.34 27.355
33.35 27.3528
33.36 27.3506
33.37 27.3484
33.38 27.3462
33.39 27.344
33.4 27.3418
33.41 27.3396
33.42 27.3374
33.43 27.3352
33.44 27.333
33.45 27.3308
33.46 27.3286
33.47 27.3264
33.48 27.3242
33.49 27.322
33.5 27.3198
33.51 27.3176
33.52 27.3154
33.53 27.3132
33.54 27.311
33.55 27.3088
33.56 27.3066
33.57 27.3044
33.58 27.3022
33.59 27.3
33.6 27.2979
33.61 27.2957
33.62 27.2935
33.63 27.2913
33.64 27.2891
33.65 27.2869
33.66 27.2847
33.67 27.2825
33.68 27.2804
33.69 27.2782
33.7 27.276
33.71 27.2738
33.72 27.2716
33.73 27.2694
33.74 27.2673
33.75 27.2651
33.76 27.2629
33.77 27.2607
33.78 27.2586
33.79 27.2564
33.8 27.2542
33.81 27.252
33.82 27.2498
33.83 27.2477
33.84 27.2455
33.85 27.2433
33.86 27.2411
33.87 27.239
33.88 27.2368
33.89 27.2346
33.9 27.2325
33.91 27.2303
33.92 27.2281
33.93 27.226
33.94 27.2238
33.95 27.2216
33.96 27.2195
33.97 27.2173
33.98 27.2151
33.99 27.213
34 27.2108
34.01 27.2086
34.02 27.2065
34.03 27.2043
34.04 27.2021
34.05 27.2
34.06 27.1978
34.07 27.1957
34.08 27.1935
34.09 27.1913
34.1 27.1892
34.11 27.187
34.12 27.1849
34.13 27.1827
34.14 27.1806
34.15 27.1784
34.16 27.1763
34.17 27.1741
34.18 27.172
34.19 27.1698
34.2 27.1677
34.21 27.1655
34.22 27.1634
34.23 27.1612
34.24 27.1591
34.25 27.1569
34.26 27.1548
34.27 27.1526
34.28 27.1505
34.29 27.1483
34.3 27.1462
34.31 27.144
34.32 27.1419
34.33 27.1397
34.34 27.1376
34.35 27.1355
34.36 27.1333
34.37 27.1312
34.38 27.129
34.39 27.1269
34.4 27.1248
34.41 27.1226
34.42 27.1205
34.43 27.1184
34.44 27.1162
34.45 27.1141
34.46 27.112
34.47 27.1098
34.48 27.1077
34.49 27.1056
34.5 27.1034
34.51 27.1013
34.52 27.0992
34.53 27.097
34.54 27.0949
34.55 27.0928
34.56 27.0906
34.57 27.0885
34.58 27.0864
34.59 27.0843
34.6 27.0821
34.61 27.08
34.62 27.0779
34.63 27.0758
34.64 27.0736
34.65 27.0715
34.66 27.0694
34.67 27.0673
34.68 27.0652
34.69 27.063
34.7 27.0609
34.71 27.0588
34.72 27.0567
34.73 27.0546
34.74 27.0525
34.75 27.0503
34.76 27.0482
34.77 27.0461
34.78 27.044
34.79 27.0419
34.8 27.0398
34.81 27.0377
34.82 27.0355
34.83 27.0334
34.84 27.0313
34.85 27.0292
34.86 27.0271
34.87 27.025
34.88 27.0229
34.89 27.0208
34.9 27.0187
34.91 27.0166
34.92 27.0145
34.93 27.0124
34.94 27.0103
34.95 27.0082
34.96 27.0061
34.97 27.004
34.98 27.0019
34.99 26.9998
35 26.9977
35.01 26.9956
35.02 26.9935
35.03 26.9914
35.04 26.9893
35.05 26.9872
35.06 26.9851
35.07 26.983
35.08 26.9809
35.09 26.9788
35.1 26.9767
35.11 26.9746
35.12 26.9725
35.13 26.9704
35.14 26.9683
35.15 26.9662
35.16 26.9641
35.17 26.9621
35.18 26.96
35.19 26.9579
35.2 26.9558
35.21 26.9537
35.22 26.9516
35.23 26.9495
35.24 26.9474
35.25 26.9454
35.26 26.9433
35.27 26.9412
35.28 26.9391
35.29 26.937
35.3 26.9349
35.31 26.9329
35.32 26.9308
35.33 26.9287
35.34 26.9266
35.35 26.9246
35.36 26.9225
35.37 26.9204
35.38 26.9183
35.39 26.9162
35.4 26.9142
35.41 26.9121
35.42 26.91
35.43 26.9079
35.44 26.9059
35.45 26.9038
35.46 26.9017
35.47 26.8997
35.48 26.8976
35.49 26.8955
35.5 26.8935
35.51 26.8914
35.52 26.8893
35.53 26.8873
35.54 26.8852
35.55 26.8831
35.56 26.8811
35.57 26.879
35.58 26.8769
35.59 26.8749
35.6 26.8728
35.61 26.8707
35.62 26.8687
35.63 26.8666
35.64 26.8646
35.65 26.8625
35.66 26.8604
35.67 26.8584
35.68 26.8563
35.69 26.8543
35.7 26.8522
35.71 26.8502
35.72 26.8481
35.73 26.846
35.74 26.844
35.75 26.8419
35.76 26.8399
35.77 26.8378
35.78 26.8358
35.79 26.8337
35.8 26.8317
35.81 26.8296
35.82 26.8276
35.83 26.8255
35.84 26.8235
35.85 26.8214
35.86 26.8194
35.87 26.8173
35.88 26.8153
35.89 26.8133
35.9 26.8112
35.91 26.8092
35.92 26.8071
35.93 26.8051
35.94 26.803
35.95 26.801
35.96 26.799
35.97 26.7969
35.98 26.7949
35.99 26.7928
36 26.7908
36.01 26.7888
36.02 26.7867
36.03 26.7847
36.04 26.7827
36.05 26.7806
36.06 26.7786
36.07 26.7766
36.08 26.7745
36.09 26.7725
36.1 26.7705
36.11 26.7684
36.12 26.7664
36.13 26.7644
36.14 26.7623
36.15 26.7603
36.16 26.7583
36.17 26.7563
36.18 26.7542
36.19 26.7522
36.2 26.7502
36.21 26.7482
36.22 26.7461
36.23 26.7441
36.24 26.7421
36.25 26.7401
36.26 26.738
36.27 26.736
36.28 26.734
36.29 26.732
36.3 26.73
36.31 26.7279
36.32 26.7259
36.33 26.7239
36.34 26.7219
36.35 26.7199
36.36 26.7179
36.37 26.7158
36.38 26.7138
36.39 26.7118
36.4 26.7098
36.41 26.7078
36.42 26.7058
36.43 26.7038
36.44 26.7017
36.45 26.6997
36.46 26.6977
36.47 26.6957
36.48 26.6937
36.49 26.6917
36.5 26.6897
36.51 26.6877
36.52 26.6857
36.53 26.6837
36.54 26.6817
36.55 26.6797
36.56 26.6777
36.57 26.6757
36.58 26.6737
36.59 26.6717
36.6 26.6697
36.61 26.6677
36.62 26.6656
36.63 26.6637
36.64 26.6617
36.65 26.6597
36.66 26.6577
36.67 26.6557
36.68 26.6537
36.69 26.6517
36.7 26.6497
36.71 26.6477
36.72 26.6457
36.73 26.6437
36.74 26.6417
36.75 26.6397
36.76 26.6377
36.77 26.6357
36.78 26.6337
36.79 26.6317
36.8 26.6297
36.81 26.6278
36.82 26.6258
36.83 26.6238
36.84 26.6218
36.85 26.6198
36.86 26.6178
36.87 26.6158
36.88 26.6139
36.89 26.6119
36.9 26.6099
36.91 26.6079
36.92 26.6059
36.93 26.6039
36.94 26.602
36.95 26.6
36.96 26.598
36.97 26.596
36.98 26.594
36.99 26.5921
37 26.5901
37.01 26.5881
37.02 26.5861
37.03 26.5842
37.04 26.5822
37.05 26.5802
37.06 26.5782
37.07 26.5763
37.08 26.5743
37.09 26.5723
37.1 26.5703
37.11 26.5684
37.12 26.5664
37.13 26.5644
37.14 26.5625
37.15 26.5605
37.16 26.5585
37.17 26.5566
37.18 26.5546
37.19 26.5526
37.2 26.5507
37.21 26.5487
37.22 26.5467
37.23 26.5448
37.24 26.5428
37.25 26.5408
37.26 26.5389
37.27 26.5369
37.28 26.5349
37.29 26.533
37.3 26.531
37.31 26.5291
37.32 26.5271
37.33 26.5252
37.34 26.5232
37.35 26.5212
37.36 26.5193
37.37 26.5173
37.38 26.5154
37.39 26.5134
37.4 26.5115
37.41 26.5095
37.42 26.5076
37.43 26.5056
37.44 26.5037
37.45 26.5017
37.46 26.4997
37.47 26.4978
37.48 26.4959
37.49 26.4939
37.5 26.492
37.51 26.49
37.52 26.4881
37.53 26.4861
37.54 26.4842
37.55 26.4822
37.56 26.4803
37.57 26.4783
37.58 26.4764
37.59 26.4744
37.6 26.4725
37.61 26.4706
37.62 26.4686
37.63 26.4667
37.64 26.4647
37.65 26.4628
37.66 26.4609
37.67 26.4589
37.68 26.457
37.69 26.455
37.7 26.4531
37.71 26.4512
37.72 26.4492
37.73 26.4473
37.74 26.4454
37.75 26.4434
37.76 26.4415
37.77 26.4396
37.78 26.4376
37.79 26.4357
37.8 26.4338
37.81 26.4318
37.82 26.4299
37.83 26.428
37.84 26.4261
37.85 26.4241
37.86 26.4222
37.87 26.4203
37.88 26.4184
37.89 26.4164
37.9 26.4145
37.91 26.4126
37.92 26.4107
37.93 26.4087
37.94 26.4068
37.95 26.4049
37.96 26.403
37.97 26.401
37.98 26.3991
37.99 26.3972
38 26.3953
38.01 26.3934
38.02 26.3914
38.03 26.3895
38.04 26.3876
38.05 26.3857
38.06 26.3838
38.07 26.3819
38.08 26.38
38.09 26.378
38.1 26.3761
38.11 26.3742
38.12 26.3723
38.13 26.3704
38.14 26.3685
38.15 26.3666
38.16 26.3647
38.17 26.3627
38.18 26.3608
38.19 26.3589
38.2 26.357
38.21 26.3551
38.22 26.3532
38.23 26.3513
38.24 26.3494
38.25 26.3475
38.26 26.3456
38.27 26.3437
38.28 26.3418
38.29 26.3399
38.3 26.338
38.31 26.3361
38.32 26.3342
38.33 26.3323
38.34 26.3304
38.35 26.3285
38.36 26.3266
38.37 26.3247
38.38 26.3228
38.39 26.3209
38.4 26.319
38.41 26.3171
38.42 26.3152
38.43 26.3133
38.44 26.3114
38.45 26.3095
38.46 26.3076
38.47 26.3057
38.48 26.3038
38.49 26.3019
38.5 26.3001
38.51 26.2982
38.52 26.2963
38.53 26.2944
38.54 26.2925
38.55 26.2906
38.56 26.2887
38.57 26.2868
38.58 26.285
38.59 26.2831
38.6 26.2812
38.61 26.2793
38.62 26.2774
38.63 26.2755
38.64 26.2737
38.65 26.2718
38.66 26.2699
38.67 26.268
38.68 26.2661
38.69 26.2642
38.7 26.2624
38.71 26.2605
38.72 26.2586
38.73 26.2567
38.74 26.2549
38.75 26.253
38.76 26.2511
38.77 26.2492
38.78 26.2474
38.79 26.2455
38.8 26.2436
38.81 26.2417
38.82 26.2399
38.83 26.238
38.84 26.2361
38.85 26.2342
38.86 26.2324
38.87 26.2305
38.88 26.2286
38.89 26.2268
38.9 26.2249
38.91 26.223
38.92 26.2212
38.93 26.2193
38.94 26.2174
38.95 26.2156
38.96 26.2137
38.97 26.2118
38.98 26.21
38.99 26.2081
39 26.2062
39.01 26.2044
39.02 26.2025
39.03 26.2007
39.04 26.1988
39.05 26.1969
39.06 26.1951
39.07 26.1932
39.08 26.1914
39.09 26.1895
39.1 26.1877
39.11 26.1858
39.12 26.1839
39.13 26.1821
39.14 26.1802
39.15 26.1784
39.16 26.1765
39.17 26.1747
39.18 26.1728
39.19 26.171
39.2 26.1691
39.21 26.1673
39.22 26.1654
39.23 26.1636
39.24 26.1617
39.25 26.1599
39.26 26.158
39.27 26.1562
39.28 26.1543
39.29 26.1525
39.3 26.1506
39.31 26.1488
39.32 26.1469
39.33 26.1451
39.34 26.1433
39.35 26.1414
39.36 26.1396
39.37 26.1377
39.38 26.1359
39.39 26.134
39.4 26.1322
39.41 26.1304
39.42 26.1285
39.43 26.1267
39.44 26.1249
39.45 26.123
39.46 26.1212
39.47 26.1193
39.48 26.1175
39.49 26.1157
39.5 26.1138
39.51 26.112
39.52 26.1102
39.53 26.1083
39.54 26.1065
39.55 26.1047
39.56 26.1028
39.57 26.101
39.58 26.0992
39.59 26.0973
39.6 26.0955
39.61 26.0937
39.62 26.0919
39.63 26.09
39.64 26.0882
39.65 26.0864
39.66 26.0846
39.67 26.0827
39.68 26.0809
39.69 26.0791
39.7 26.0773
39.71 26.0754
39.72 26.0736
39.73 26.0718
39.74 26.07
39.75 26.0681
39.76 26.0663
39.77 26.0645
39.78 26.0627
39.79 26.0609
39.8 26.0591
39.81 26.0572
39.82 26.0554
39.83 26.0536
39.84 26.0518
39.85 26.05
39.86 26.0482
39.87 26.0463
39.88 26.0445
39.89 26.0427
39.9 26.0409
39.91 26.0391
39.92 26.0373
39.93 26.0355
39.94 26.0337
39.95 26.0318
39.96 26.03
39.97 26.0282
39.98 26.0264
39.99 26.0246
40 26.0228
